Date,Open,High,Low,Close,Volume,ExDividend,SplitRatio,AdjOpen,AdjHigh,AdjLow,AdjClose,AdjVolume
2018-03-27,61.66,61.99,60.22,60.54,200697.0,0.0,1.0,61.66,61.99,60.22,60.54,200697.0
2018-03-26,61.89,62.075,60.89,61.56,157044.0,0.0,1.0,61.89,62.075,60.89,61.56,157044.0
2018-03-23,61.67,62.725,61.32,61.43,196528.0,0.0,1.0,61.67,62.725,61.32,61.43,196528.0
2018-03-22,61.16,62.6,59.76,61.4,121399.0,0.0,1.0,61.16,62.6,59.76,61.4,121399.0
2018-03-21,61.19,62.425,60.99,61.43,167384.0,0.0,1.0,61.19,62.425,60.99,61.43,167384.0
2018-03-20,62.7,63.15,61.39,61.46,228964.0,0.0,1.0,62.7,63.15,61.39,61.46,228964.0
2018-03-19,63.78,63.78,61.35,62.74,195039.0,0.0,1.0,63.78,63.78,61.35,62.74,195039.0
2018-03-16,62.63,62.91,62.0,62.73,406916.0,0.0,1.0,62.63,62.91,62.0,62.73,406916.0
2018-03-15,61.66,63.05,60.855,62.73,329261.0,0.0,1.0,61.66,63.05,60.855,62.73,329261.0
2018-03-14,61.86,61.86,60.61,61.38,183002.0,0.0,1.0,61.86,61.86,60.61,61.38,183002.0
2018-03-13,61.78,62.51,61.25,61.6,266967.0,0.0,1.0,61.78,62.51,61.25,61.6,266967.0
2018-03-12,60.82,61.74,58.1256,61.59,225729.0,0.0,1.0,60.82,61.74,58.1256,61.59,225729.0
2018-03-09,60.03,61.295,59.83,60.92,259690.0,0.0,1.0,60.03,61.295,59.83,60.92,259690.0
2018-03-08,60.0,61.76,59.38,59.96,157020.0,0.0,1.0,60.0,61.76,59.38,59.96,157020.0
2018-03-07,58.44,59.99,58.44,59.98,184281.0,0.0,1.0,58.44,59.99,58.44,59.98,184281.0
2018-03-06,58.7,59.31,57.64,58.99,244226.0,0.0,1.0,58.7,59.31,57.64,58.99,244226.0
2018-03-05,58.08,58.79,57.7825,58.71,279056.0,0.0,1.0,58.08,58.79,57.7825,58.71,279056.0
2018-03-02,56.95,58.92,56.95,58.52,251448.0,0.0,1.0,56.95,58.92,56.95,58.52,251448.0
2018-03-01,59.61,59.84,55.49,57.19,484770.0,0.0,1.0,59.61,59.84,55.49,57.19,484770.0
2018-02-28,61.78,61.78,56.59,59.21,888295.0,0.0,1.0,61.78,61.78,56.59,59.21,888295.0
2018-02-27,57.96,60.19,57.42,59.43,536688.0,0.0,1.0,57.96,60.19,57.42,59.43,536688.0
2018-02-26,57.87,58.36,56.8,57.88,214241.0,0.0,1.0,57.87,58.36,56.8,57.88,214241.0
2018-02-23,57.37,58.29,56.61,57.98,189922.0,0.0,1.0,57.37,58.29,56.61,57.98,189922.0
2018-02-22,58.12,58.38,56.7,57.02,223675.0,0.0,1.0,58.12,58.38,56.7,57.02,223675.0
2018-02-21,56.86,58.6199,56.26,57.79,349843.0,0.0,1.0,56.86,58.6199,56.26,57.79,349843.0
2018-02-20,56.25,57.095,55.91,56.87,281475.0,0.0,1.0,56.25,57.095,55.91,56.87,281475.0
2018-02-16,55.53,56.73,55.41,56.46,210258.0,0.0,1.0,55.53,56.73,55.41,56.46,210258.0
2018-02-15,56.42,56.42,54.965,55.74,243334.0,0.0,1.0,56.42,56.42,54.965,55.74,243334.0
2018-02-14,54.76,56.31,54.69,56.05,248804.0,0.0,1.0,54.76,56.31,54.69,56.05,248804.0
2018-02-13,55.22,55.4,54.29,55.03,229316.0,0.0,1.0,55.22,55.4,54.29,55.03,229316.0
2018-02-12,56.35,57.12,54.06100000000001,55.35,340561.0,0.0,1.0,56.35,57.12,54.06100000000001,55.35,340561.0
2018-02-09,55.77,56.91,54.745,56.35,390612.0,0.0,1.0,55.77,56.91,54.745,56.35,390612.0
2018-02-08,56.04,56.04,54.55,55.26,441121.0,0.0,1.0,56.04,56.04,54.55,55.26,441121.0
2018-02-07,54.4,56.23,54.06,56.16,524782.0,0.0,1.0,54.4,56.23,54.06,56.16,524782.0
2018-02-06,49.98,55.22,49.98,54.55,782574.0,0.0,1.0,49.98,55.22,49.98,54.55,782574.0
2018-02-05,51.24,51.75,50.57,50.785,295841.0,0.0,1.0,51.24,51.75,50.57,50.785,295841.0
2018-02-02,52.25,53.0,51.36,51.42,262284.0,0.0,1.0,52.25,53.0,51.36,51.42,262284.0
2018-02-01,53.31,54.09,51.92100000000001,52.36,354215.0,0.0,1.0,53.31,54.09,51.92100000000001,52.36,354215.0
2018-01-31,54.1,54.35,53.06,53.62,229553.0,0.0,1.0,54.1,54.35,53.06,53.62,229553.0
2018-01-30,54.29,55.3,53.63,53.99,136458.0,0.0,1.0,54.29,55.3,53.63,53.99,136458.0
2018-01-29,55.66,56.42,54.69,54.75,181668.0,0.0,1.0,55.66,56.42,54.69,54.75,181668.0
2018-01-26,55.12,55.9,54.6,55.7,166783.0,0.0,1.0,55.12,55.9,54.6,55.7,166783.0
2018-01-25,54.74,55.21,53.52,55.12,317702.0,0.0,1.0,54.74,55.21,53.52,55.12,317702.0
2018-01-24,55.92,56.6484,54.79,54.82,130158.0,0.0,1.0,55.92,56.6484,54.79,54.82,130158.0
2018-01-23,56.78,57.1,55.77,55.83,265012.0,0.0,1.0,56.78,57.1,55.77,55.83,265012.0
2018-01-22,55.34,57.0,55.34,56.57,296300.0,0.0,1.0,55.34,57.0,55.34,56.57,296300.0
2018-01-19,54.78,55.79,54.4519,55.59,158300.0,0.0,1.0,54.78,55.79,54.4519,55.59,158300.0
2018-01-18,55.89,55.97,54.75,54.77,260054.0,0.0,1.0,55.89,55.97,54.75,54.77,260054.0
2018-01-17,57.02,57.02,55.69,55.74,407392.0,0.0,1.0,57.02,57.02,55.69,55.74,407392.0
2018-01-16,54.9,57.265,54.9,57.03,556289.0,0.0,1.0,54.9,57.265,54.9,57.03,556289.0
2018-01-12,54.73,55.5899,54.055,54.76,337021.0,0.0,1.0,54.73,55.5899,54.055,54.76,337021.0
2018-01-11,51.3,54.815,51.27,54.53,556995.0,0.0,1.0,51.3,54.815,51.27,54.53,556995.0
2018-01-10,50.5,51.4,49.8,51.1,320900.0,0.0,1.0,50.5,51.4,49.8,51.1,320900.0
2018-01-09,50.52,51.13,50.2,50.62,350323.0,0.0,1.0,50.52,51.13,50.2,50.62,350323.0
2018-01-08,52.72,52.72,50.49,50.51,354080.0,0.0,1.0,52.72,52.72,50.49,50.51,354080.0
2018-01-05,52.71,53.49,51.89,52.89,369961.0,0.0,1.0,52.71,53.49,51.89,52.89,369961.0
2018-01-04,52.85,53.35,52.19,53.05,380357.0,0.0,1.0,52.85,53.35,52.19,53.05,380357.0
2018-01-03,53.6,53.6,52.09,52.69,296060.0,0.0,1.0,53.6,53.6,52.09,52.69,296060.0
2018-01-02,52.9,54.36,52.495,53.79,187734.0,0.0,1.0,52.9,54.36,52.495,53.79,187734.0
2017-12-29,52.66,53.44,52.54,52.71,171015.0,0.0,1.0,52.66,53.44,52.54,52.71,171015.0
2017-12-28,53.14,53.53,52.34,52.66,171150.0,0.0,1.0,53.14,53.53,52.34,52.66,171150.0
2017-12-27,53.52,54.19,52.63,53.06,122430.0,0.0,1.0,53.52,54.19,52.63,53.06,122430.0
2017-12-26,53.23,54.36,53.23,53.53,178722.0,0.0,1.0,53.23,54.36,53.23,53.53,178722.0
2017-12-22,53.68,54.03,52.66,53.27,141402.0,0.0,1.0,53.68,54.03,52.66,53.27,141402.0
2017-12-21,52.31,54.52,52.16,53.74,436112.0,0.0,1.0,52.31,54.52,52.16,53.74,436112.0
2017-12-20,53.31,53.56,52.07,52.25,164507.0,0.0,1.0,53.31,53.56,52.07,52.25,164507.0
2017-12-19,51.87,53.67,51.87,53.02,342266.0,0.0,1.0,51.87,53.67,51.87,53.02,342266.0
2017-12-18,54.92,56.25,51.16,52.08,726602.0,0.0,1.0,54.92,56.25,51.16,52.08,726602.0
2017-12-15,54.6,56.2,54.38,55.31,753900.0,0.0,1.0,54.6,56.2,54.38,55.31,753900.0
2017-12-14,55.1,55.31,53.83,54.38,199062.0,0.0,1.0,55.1,55.31,53.83,54.38,199062.0
2017-12-13,52.75,55.05,52.02,54.85,434304.0,0.0,1.0,52.75,55.05,52.02,54.85,434304.0
2017-12-12,52.71,53.42,52.44,52.6,177832.0,0.0,1.0,52.71,53.42,52.44,52.6,177832.0
2017-12-11,54.05,54.77,52.25,52.71,245040.0,0.0,1.0,54.05,54.77,52.25,52.71,245040.0
2017-12-08,54.68,55.93,53.49,53.85,402106.0,0.0,1.0,54.68,55.93,53.49,53.85,402106.0
2017-12-07,52.81,55.59,52.81,54.53,407648.0,0.0,1.0,52.81,55.59,52.81,54.53,407648.0
2017-12-06,52.6,53.815,52.0,52.96,573137.0,0.0,1.0,52.6,53.815,52.0,52.96,573137.0
2017-12-05,53.95,54.29,52.62,52.65,365156.0,0.0,1.0,53.95,54.29,52.62,52.65,365156.0
2017-12-04,53.25,56.02,53.05,54.16,665603.0,0.0,1.0,53.25,56.02,53.05,54.16,665603.0
2017-12-01,53.83,53.89,51.46,52.87,416254.0,0.0,1.0,53.83,53.89,51.46,52.87,416254.0
2017-11-30,54.13,54.35,53.23,54.0,490339.0,0.0,1.0,54.13,54.35,53.23,54.0,490339.0
2017-11-29,52.42,54.16,52.42,54.06,451543.0,0.0,1.0,52.42,54.16,52.42,54.06,451543.0
2017-11-28,53.71,54.35,52.12,52.55,478384.0,0.0,1.0,53.71,54.35,52.12,52.55,478384.0
2017-11-27,56.12,56.5,53.46,53.54,417236.0,0.0,1.0,56.12,56.5,53.46,53.54,417236.0
2017-11-24,56.44,56.6,55.42,56.12,243275.0,0.0,1.0,56.44,56.6,55.42,56.12,243275.0
2017-11-22,55.65,57.91,55.65,56.37,234612.0,0.0,1.0,55.65,57.91,55.65,56.37,234612.0
2017-11-21,52.86,55.0,52.19,54.97,490569.0,0.0,1.0,52.86,55.0,52.19,54.97,490569.0
2017-11-20,55.02,55.02,52.6,52.68,535862.0,0.0,1.0,55.02,55.02,52.6,52.68,535862.0
2017-11-17,55.76,55.98,54.19,55.01,461421.0,0.0,1.0,55.76,55.98,54.19,55.01,461421.0
2017-11-16,57.4,57.69,53.43,55.85,728539.0,0.0,1.0,57.4,57.69,53.43,55.85,728539.0
2017-11-15,57.04,57.31,56.15,56.22,225719.0,0.0,1.0,57.04,57.31,56.15,56.22,225719.0
2017-11-14,56.21,57.78,55.88,57.41,207781.0,0.0,1.0,56.21,57.78,55.88,57.41,207781.0
2017-11-13,56.02,56.78,54.99,56.3,259288.0,0.0,1.0,56.02,56.78,54.99,56.3,259288.0
2017-11-10,56.56,56.8,56.08,56.25,310366.0,0.0,1.0,56.56,56.8,56.08,56.25,310366.0
2017-11-09,57.0,57.48,55.01,56.39,637290.0,0.0,1.0,57.0,57.48,55.01,56.39,637290.0
2017-11-07,56.0,56.085,54.29,55.19,453620.0,0.0,1.0,56.0,56.085,54.29,55.19,453620.0
2017-11-06,54.35,56.5,54.3094,55.83,488967.0,0.0,1.0,54.35,56.5,54.3094,55.83,488967.0
2017-11-03,53.5,54.89,52.54,54.8,514340.0,0.0,1.0,53.5,54.89,52.54,54.8,514340.0
2017-11-02,51.99,55.39,51.3,53.15,1916476.0,0.0,1.0,51.99,55.39,51.3,53.15,1916476.0
2017-11-01,47.87,48.14,45.6,46.45,495680.0,0.0,1.0,47.87,48.14,45.6,46.45,495680.0
2017-10-31,48.05,48.71,47.23,48.11,266240.0,0.0,1.0,48.05,48.71,47.23,48.11,266240.0
2017-10-30,50.5,50.5,47.84,48.04,316188.0,0.0,1.0,50.5,50.5,47.84,48.04,316188.0
2017-10-27,49.35,50.35,49.1,50.27,360638.0,0.0,1.0,49.35,50.35,49.1,50.27,360638.0
2017-10-26,49.48,50.27,49.14,49.35,305669.0,0.0,1.0,49.48,50.27,49.14,49.35,305669.0
2017-10-25,50.99,51.46,46.95,49.47,690325.0,0.0,1.0,50.99,51.46,46.95,49.47,690325.0
2017-10-24,49.88,50.73,49.1101,49.54,320511.0,0.0,1.0,49.88,50.73,49.1101,49.54,320511.0
2017-10-23,50.19,50.32,49.57,49.73,227758.0,0.0,1.0,50.19,50.32,49.57,49.73,227758.0
2017-10-20,49.98,50.8899,47.01,50.27,209142.0,0.0,1.0,49.98,50.8899,47.01,50.27,209142.0
2017-10-19,49.25,49.76,48.5,49.65,260994.0,0.0,1.0,49.25,49.76,48.5,49.65,260994.0
2017-10-18,48.75,49.34,47.765,49.25,251730.0,0.0,1.0,48.75,49.34,47.765,49.25,251730.0
2017-10-17,48.13,48.89,47.775,48.55,226872.0,0.0,1.0,48.13,48.89,47.775,48.55,226872.0
2017-10-16,47.5,48.565,47.35,48.01,375129.0,0.0,1.0,47.5,48.565,47.35,48.01,375129.0
2017-10-13,47.8,48.13,47.56,47.8,323189.0,0.0,1.0,47.8,48.13,47.56,47.8,323189.0
2017-10-12,48.63,48.84,47.271,48.0,631480.0,0.0,1.0,48.63,48.84,47.271,48.0,631480.0
2017-10-11,47.9,48.96,47.9,48.63,426192.0,0.0,1.0,47.9,48.96,47.9,48.63,426192.0
2017-10-10,48.97,49.135,47.4,47.77,916293.0,0.0,1.0,48.97,49.135,47.4,47.77,916293.0
2017-10-09,51.9,51.9,48.48,48.91,584329.0,0.0,1.0,51.9,51.9,48.48,48.91,584329.0
2017-10-06,53.38,53.65,52.47,52.75,197119.0,0.0,1.0,53.38,53.65,52.47,52.75,197119.0
2017-10-05,53.74,54.13,52.1661,53.47,230090.0,0.0,1.0,53.74,54.13,52.1661,53.47,230090.0
2017-10-04,54.31,55.0,53.34,53.5,184108.0,0.0,1.0,54.31,55.0,53.34,53.5,184108.0
2017-10-03,56.04,56.04,52.9,54.13,777414.0,0.0,1.0,56.04,56.04,52.9,54.13,777414.0
2017-10-02,56.1,56.5865,55.34,56.04,216745.0,0.0,1.0,56.1,56.5865,55.34,56.04,216745.0
2017-09-29,55.45,56.26,52.971000000000004,55.96,240707.0,0.0,1.0,55.45,56.26,52.971000000000004,55.96,240707.0
2017-09-28,54.4,55.66,53.71,55.58,201774.0,0.0,1.0,54.4,55.66,53.71,55.58,201774.0
2017-09-27,53.29,54.99,52.53,54.66,323869.0,0.0,1.0,53.29,54.99,52.53,54.66,323869.0
2017-09-26,53.02,53.59,52.61,53.13,180535.0,0.0,1.0,53.02,53.59,52.61,53.13,180535.0
2017-09-25,52.35,54.41,51.41,52.8,305930.0,0.0,1.0,52.35,54.41,51.41,52.8,305930.0
2017-09-22,51.28,52.2499,51.17,52.11,169596.0,0.0,1.0,51.28,52.2499,51.17,52.11,169596.0
2017-09-21,51.24,51.75,50.62,51.35,110413.0,0.0,1.0,51.24,51.75,50.62,51.35,110413.0
2017-09-20,50.15,51.49,50.15,51.23,124013.0,0.0,1.0,50.15,51.49,50.15,51.23,124013.0
2017-09-19,51.8,53.94,49.55,50.34,200067.0,0.0,1.0,51.8,53.94,49.55,50.34,200067.0
2017-09-18,52.15,52.935,51.85,51.9,184895.0,0.0,1.0,52.15,52.935,51.85,51.9,184895.0
2017-09-15,52.99,53.826,51.59,52.03,392342.0,0.0,1.0,52.99,53.826,51.59,52.03,392342.0
2017-09-14,51.37,52.87,51.11,52.78,345180.0,0.0,1.0,51.37,52.87,51.11,52.78,345180.0
2017-09-13,52.7,52.84,51.48,51.63,391939.0,0.0,1.0,52.7,52.84,51.48,51.63,391939.0
2017-09-12,52.52,52.93,51.96,52.88,258895.0,0.0,1.0,52.52,52.93,51.96,52.88,258895.0
2017-09-11,52.35,53.16,52.01,52.36,283406.0,0.0,1.0,52.35,53.16,52.01,52.36,283406.0
2017-09-08,51.85,52.19,51.47,51.85,205627.0,0.0,1.0,51.85,52.19,51.47,51.85,205627.0
2017-09-07,52.32,53.09,51.8675,52.05,310771.0,0.0,1.0,52.32,53.09,51.8675,52.05,310771.0
2017-09-06,52.39,52.61,51.49,52.32,274696.0,0.0,1.0,52.39,52.61,51.49,52.32,274696.0
2017-09-05,51.48,52.67,51.38,52.39,268502.0,0.0,1.0,51.48,52.67,51.38,52.39,268502.0
2017-09-01,52.21,52.21,50.96,51.63,170600.0,0.0,1.0,52.21,52.21,50.96,51.63,170600.0
2017-08-31,49.97,52.76,49.97,52.24,359859.0,0.0,1.0,49.97,52.76,49.97,52.24,359859.0
2017-08-30,49.78,50.23,49.17,49.76,216913.0,0.0,1.0,49.78,50.23,49.17,49.76,216913.0
2017-08-29,50.11,50.24,49.39,49.75,204682.0,0.0,1.0,50.11,50.24,49.39,49.75,204682.0
2017-08-28,49.89,50.78,49.54,50.48,230048.0,0.0,1.0,49.89,50.78,49.54,50.48,230048.0
2017-08-25,49.69,50.46,49.5,49.78,342710.0,0.0,1.0,49.69,50.46,49.5,49.78,342710.0
2017-08-24,49.83,50.14,49.36,49.38,205271.0,0.0,1.0,49.83,50.14,49.36,49.38,205271.0
2017-08-23,49.67,50.395,49.35,49.89,167476.0,0.0,1.0,49.67,50.395,49.35,49.89,167476.0
2017-08-22,50.35,50.58,50.04,50.12,148924.0,0.0,1.0,50.35,50.58,50.04,50.12,148924.0
2017-08-21,50.38,50.42,49.4201,50.1,276411.0,0.0,1.0,50.38,50.42,49.4201,50.1,276411.0
2017-08-18,49.04,50.6,48.58,50.25,176336.0,0.0,1.0,49.04,50.6,48.58,50.25,176336.0
2017-08-17,50.76,50.82,49.09,49.17,273306.0,0.0,1.0,50.76,50.82,49.09,49.17,273306.0
2017-08-16,49.61,51.15,49.26,50.96,341753.0,0.0,1.0,49.61,51.15,49.26,50.96,341753.0
2017-08-15,49.22,49.58,48.64,49.34,190129.0,0.0,1.0,49.22,49.58,48.64,49.34,190129.0
2017-08-14,49.06,49.8,48.93,49.12,433066.0,0.0,1.0,49.06,49.8,48.93,49.12,433066.0
2017-08-11,48.29,49.38,47.87,48.88,350967.0,0.0,1.0,48.29,49.38,47.87,48.88,350967.0
2017-08-10,48.25,48.855,47.52,48.23,178205.0,0.0,1.0,48.25,48.855,47.52,48.23,178205.0
2017-08-09,49.37,49.885,48.13,48.46,303084.0,0.0,1.0,49.37,49.885,48.13,48.46,303084.0
2017-08-08,48.92,50.16,48.72,49.5,477115.0,0.0,1.0,48.92,50.16,48.72,49.5,477115.0
2017-08-07,48.69,49.06,48.09,49.04,417053.0,0.0,1.0,48.69,49.06,48.09,49.04,417053.0
2017-08-04,47.39,48.58,46.7232,48.56,437696.0,0.0,1.0,47.39,48.58,46.7232,48.56,437696.0
2017-08-03,47.21,47.675,46.265,47.05,450153.0,0.0,1.0,47.21,47.675,46.265,47.05,450153.0
2017-08-02,47.31,47.39,46.08,47.27,520356.0,0.0,1.0,47.31,47.39,46.08,47.27,520356.0
2017-08-01,47.66,47.7,46.73,47.3,408930.0,0.0,1.0,47.66,47.7,46.73,47.3,408930.0
2017-07-31,46.69,47.72,46.56,47.36,833140.0,0.0,1.0,46.69,47.72,46.56,47.36,833140.0
2017-07-28,46.8,47.36,45.92,46.66,1095008.0,0.0,1.0,46.8,47.36,45.92,46.66,1095008.0
2017-07-27,49.0,51.105,45.67,46.98,2496274.0,0.0,1.0,49.0,51.105,45.67,46.98,2496274.0
2017-07-26,51.14,51.5648,48.41,48.69,3075060.0,0.0,1.0,51.14,51.5648,48.41,48.69,3075060.0
2017-07-25,58.83,59.86,58.0,59.41,240948.0,0.0,1.0,58.83,59.86,58.0,59.41,240948.0
2017-07-24,59.88,59.88,58.13,58.8,254832.0,0.0,1.0,59.88,59.88,58.13,58.8,254832.0
2017-07-21,59.06,59.44,58.03,59.35,464866.0,0.0,1.0,59.06,59.44,58.03,59.35,464866.0
2017-07-20,58.8,58.9,57.88,58.75,355861.0,0.0,1.0,58.8,58.9,57.88,58.75,355861.0
2017-07-19,58.85,59.6,58.61,58.69,246173.0,0.0,1.0,58.85,59.6,58.61,58.69,246173.0
2017-07-18,59.07,59.16,57.52,58.56,458119.0,0.0,1.0,59.07,59.16,57.52,58.56,458119.0
2017-07-17,59.49,60.0,58.67,59.01,180877.0,0.0,1.0,59.49,60.0,58.67,59.01,180877.0
2017-07-14,58.78,60.105,58.41,59.37,348611.0,0.0,1.0,58.78,60.105,58.41,59.37,348611.0
2017-07-13,59.0,59.475,58.04,59.05,410867.0,0.0,1.0,59.0,59.475,58.04,59.05,410867.0
2017-07-12,59.44,59.84,58.88,58.97,330930.0,0.0,1.0,59.44,59.84,58.88,58.97,330930.0
2017-07-11,60.05,60.425,59.31,59.34,291049.0,0.0,1.0,60.05,60.425,59.31,59.34,291049.0
2017-07-10,61.35,61.405,59.64,59.91,233692.0,0.0,1.0,61.35,61.405,59.64,59.91,233692.0
2017-07-07,60.7,61.67,60.3,61.35,469354.0,0.0,1.0,60.7,61.67,60.3,61.35,469354.0
2017-07-06,62.44,62.61,59.69,60.36,316505.0,0.0,1.0,62.44,62.61,59.69,60.36,316505.0
2017-07-05,62.72,63.08,62.51,62.88,119850.0,0.0,1.0,62.72,63.08,62.51,62.88,119850.0
2017-07-03,63.13,63.13,62.39,62.62,62714.0,0.0,1.0,63.13,63.13,62.39,62.62,62714.0
2017-06-30,62.38,63.38,62.09,62.81,265109.0,0.0,1.0,62.38,63.38,62.09,62.81,265109.0
2017-06-29,63.37,63.57,60.03,62.49,210448.0,0.0,1.0,63.37,63.57,60.03,62.49,210448.0
2017-06-28,63.32,63.745,63.001000000000005,63.25,295095.0,0.0,1.0,63.32,63.745,63.001000000000005,63.25,295095.0
2017-06-27,65.55,65.55,62.95,63.01,252998.0,0.0,1.0,65.55,65.55,62.95,63.01,252998.0
2017-06-26,65.58,65.89,64.85,65.4,200511.0,0.0,1.0,65.58,65.89,64.85,65.4,200511.0
2017-06-23,65.41,65.91,64.59,65.46,221550.0,0.0,1.0,65.41,65.91,64.59,65.46,221550.0
2017-06-22,63.69,65.55,62.5135,65.41,220780.0,0.0,1.0,63.69,65.55,62.5135,65.41,220780.0
2017-06-21,62.2,63.97,62.2,63.73,303639.0,0.0,1.0,62.2,63.97,62.2,63.73,303639.0
2017-06-20,62.3,62.86,62.06,62.06,278300.0,0.0,1.0,62.3,62.86,62.06,62.06,278300.0
2017-06-19,63.01,63.41,61.69,62.4,316356.0,0.0,1.0,63.01,63.41,61.69,62.4,316356.0
2017-06-16,62.74,63.675,61.87,62.74,338159.0,0.0,1.0,62.74,63.675,61.87,62.74,338159.0
2017-06-15,63.08,64.2825,62.86,63.51,125119.0,0.0,1.0,63.08,64.2825,62.86,63.51,125119.0
2017-06-14,63.51,64.15,63.03,63.42,184663.0,0.0,1.0,63.51,64.15,63.03,63.42,184663.0
2017-06-13,63.19,63.74,62.3835,63.48,312075.0,0.0,1.0,63.19,63.74,62.3835,63.48,312075.0
2017-06-12,63.4,63.4,62.39,62.79,231687.0,0.0,1.0,63.4,63.4,62.39,62.79,231687.0
2017-06-09,63.45,64.32,62.83,63.74,305221.0,0.0,1.0,63.45,64.32,62.83,63.74,305221.0
2017-06-08,61.05,62.81,60.7325,62.67,186679.0,0.0,1.0,61.05,62.81,60.7325,62.67,186679.0
2017-06-07,60.32,61.29,59.95,61.15,236387.0,0.0,1.0,60.32,61.29,59.95,61.15,236387.0
2017-06-06,59.78,60.85,59.58,60.27,191916.0,0.0,1.0,59.78,60.85,59.58,60.27,191916.0
2017-06-05,60.05,60.61,59.78,59.91,173925.0,0.0,1.0,60.05,60.61,59.78,59.91,173925.0
2017-06-02,60.5,60.97,60.01,60.27,306633.0,0.0,1.0,60.5,60.97,60.01,60.27,306633.0
2017-06-01,59.92,60.95,59.53,60.34,313070.0,0.0,1.0,59.92,60.95,59.53,60.34,313070.0
2017-05-31,59.39,60.0,58.81,59.92,150810.0,0.0,1.0,59.39,60.0,58.81,59.92,150810.0
2017-05-30,59.6,59.835,59.24,59.34,127828.0,0.0,1.0,59.6,59.835,59.24,59.34,127828.0
2017-05-26,59.7,60.0,59.26,59.7,211582.0,0.0,1.0,59.7,60.0,59.26,59.7,211582.0
2017-05-25,59.33,59.94,59.09,59.81,145809.0,0.0,1.0,59.33,59.94,59.09,59.81,145809.0
2017-05-24,58.6,59.29,58.49,59.09,187646.0,0.0,1.0,58.6,59.29,58.49,59.09,187646.0
2017-05-23,59.02,59.02,58.48,58.65,158276.0,0.0,1.0,59.02,59.02,58.48,58.65,158276.0
2017-05-22,59.08,59.46,58.44,58.91,105867.0,0.0,1.0,59.08,59.46,58.44,58.91,105867.0
2017-05-19,58.75,59.44,58.7,58.88,155354.0,0.0,1.0,58.75,59.44,58.7,58.88,155354.0
2017-05-18,58.47,59.6,56.805,58.64,188573.0,0.0,1.0,58.47,59.6,56.805,58.64,188573.0
2017-05-17,59.49,60.07,58.87,58.92,273009.0,0.0,1.0,59.49,60.07,58.87,58.92,273009.0
2017-05-16,59.75,60.0,59.14,60.0,203373.0,0.0,1.0,59.75,60.0,59.14,60.0,203373.0
2017-05-15,59.52,60.2,59.23,59.6,284417.0,0.0,1.0,59.52,60.2,59.23,59.6,284417.0
2017-05-12,59.76,60.45,59.09,59.64,336418.0,0.0,1.0,59.76,60.45,59.09,59.64,336418.0
2017-05-11,58.82,59.79,58.4975,59.77,318865.0,0.0,1.0,58.82,59.79,58.4975,59.77,318865.0
2017-05-10,58.62,59.2975,57.6073,58.9,207446.0,0.0,1.0,58.62,59.2975,57.6073,58.9,207446.0
2017-05-09,58.44,59.33,58.2,58.8,201214.0,0.0,1.0,58.44,59.33,58.2,58.8,201214.0
2017-05-08,58.5,59.93,56.8,58.51,301061.0,0.0,1.0,58.5,59.93,56.8,58.51,301061.0
2017-05-05,59.24,59.562,58.35,58.98,221285.0,0.0,1.0,59.24,59.562,58.35,58.98,221285.0
2017-05-04,58.4,59.19,57.805,58.94,221453.0,0.0,1.0,58.4,59.19,57.805,58.94,221453.0
2017-05-03,60.0,61.39,56.61,57.63,959887.0,0.0,1.0,60.0,61.39,56.61,57.63,959887.0
2017-05-02,55.1,56.4,54.865,56.09,275318.0,0.0,1.0,55.1,56.4,54.865,56.09,275318.0
2017-05-01,54.44,55.35,53.91,55.19,235461.0,0.0,1.0,54.44,55.35,53.91,55.19,235461.0
2017-04-28,53.74,54.62,53.74,54.2,343546.0,0.0,1.0,53.74,54.62,53.74,54.2,343546.0
2017-04-27,53.55,54.39,53.3,54.02,157341.0,0.0,1.0,53.55,54.39,53.3,54.02,157341.0
2017-04-26,53.37,53.97,53.06,53.49,198101.0,0.0,1.0,53.37,53.97,53.06,53.49,198101.0
2017-04-25,53.25,53.61,52.69,53.32,211725.0,0.0,1.0,53.25,53.61,52.69,53.32,211725.0
2017-04-24,53.35,53.5,52.56,52.82,238168.0,0.0,1.0,53.35,53.5,52.56,52.82,238168.0
2017-04-21,52.46,53.05,52.2,52.63,154109.0,0.0,1.0,52.46,53.05,52.2,52.63,154109.0
2017-04-20,52.13,52.69,51.64,52.54,139699.0,0.0,1.0,52.13,52.69,51.64,52.54,139699.0
2017-04-19,51.84,52.62,51.7,52.0,176701.0,0.0,1.0,51.84,52.62,51.7,52.0,176701.0
2017-04-18,52.35,52.55,51.27,51.83,198409.0,0.0,1.0,52.35,52.55,51.27,51.83,198409.0
2017-04-17,52.07,52.84,51.81,52.73,198055.0,0.0,1.0,52.07,52.84,51.81,52.73,198055.0
2017-04-13,52.43,52.84,51.87,52.11,362937.0,0.0,1.0,52.43,52.84,51.87,52.11,362937.0
2017-04-12,52.83,52.95,52.27,52.51,276971.0,0.0,1.0,52.83,52.95,52.27,52.51,276971.0
2017-04-11,52.25,53.03,52.08,52.98,246665.0,0.0,1.0,52.25,53.03,52.08,52.98,246665.0
2017-04-10,51.27,52.576,50.94,52.51,292684.0,0.0,1.0,51.27,52.576,50.94,52.51,292684.0
2017-04-07,51.28,51.78,50.8,51.23,195442.0,0.0,1.0,51.28,51.78,50.8,51.23,195442.0
2017-04-06,50.76,51.39,50.46,51.35,161332.0,0.0,1.0,50.76,51.39,50.46,51.35,161332.0
2017-04-05,50.75,51.97,50.55,50.89,190155.0,0.0,1.0,50.75,51.97,50.55,50.89,190155.0
2017-04-04,50.83,51.07,50.42,50.68,183582.0,0.0,1.0,50.83,51.07,50.42,50.68,183582.0
2017-04-03,51.12,51.625,50.75,50.91,195611.0,0.0,1.0,51.12,51.625,50.75,50.91,195611.0
2017-03-31,51.67,51.67,51.01,51.09,153064.0,0.0,1.0,51.67,51.67,51.01,51.09,153064.0
2017-03-30,51.36,51.82,51.11,51.54,193996.0,0.0,1.0,51.36,51.82,51.11,51.54,193996.0
2017-03-29,51.12,51.83,50.96,51.32,166033.0,0.0,1.0,51.12,51.83,50.96,51.32,166033.0
2017-03-28,51.05,51.47,50.56,51.3,192988.0,0.0,1.0,51.05,51.47,50.56,51.3,192988.0
2017-03-27,50.31,51.37,46.92100000000001,51.12,134661.0,0.0,1.0,50.31,51.37,46.92100000000001,51.12,134661.0
2017-03-24,50.2,51.12,50.2,50.72,176432.0,0.0,1.0,50.2,51.12,50.2,50.72,176432.0
2017-03-23,49.61,50.53,49.06,50.13,174746.0,0.0,1.0,49.61,50.53,49.06,50.13,174746.0
2017-03-22,49.3,50.1,47.61,49.52,170886.0,0.0,1.0,49.3,50.1,47.61,49.52,170886.0
2017-03-21,50.43,50.635,49.19,49.32,269220.0,0.0,1.0,50.43,50.635,49.19,49.32,269220.0
2017-03-20,50.2,50.34,49.81,50.25,251032.0,0.0,1.0,50.2,50.34,49.81,50.25,251032.0
2017-03-17,49.97,50.4,49.54,50.25,397100.0,0.0,1.0,49.97,50.4,49.54,50.25,397100.0
2017-03-16,50.4,50.48,49.86,50.1,159347.0,0.0,1.0,50.4,50.48,49.86,50.1,159347.0
2017-03-15,50.35,50.64,49.66,50.09,260520.0,0.0,1.0,50.35,50.64,49.66,50.09,260520.0
2017-03-14,50.335,50.85,49.77,50.21,161434.0,0.0,1.0,50.335,50.85,49.77,50.21,161434.0
2017-03-13,50.07,50.67,49.68,50.51,147263.0,0.0,1.0,50.07,50.67,49.68,50.51,147263.0
2017-03-10,50.12,51.11,49.79,50.24,139995.0,0.0,1.0,50.12,51.11,49.79,50.24,139995.0
2017-03-09,49.56,50.73,49.01,49.95,252796.0,0.0,1.0,49.56,50.73,49.01,49.95,252796.0
2017-03-08,50.8,50.8395,49.46,49.53,168452.0,0.0,1.0,50.8,50.8395,49.46,49.53,168452.0
2017-03-07,50.28,50.75,49.97,50.41,271321.0,0.0,1.0,50.28,50.75,49.97,50.41,271321.0
2017-03-06,50.05,50.78,49.7,50.28,223332.0,0.0,1.0,50.05,50.78,49.7,50.28,223332.0
2017-03-03,50.69,51.7,49.35,50.76,301943.0,0.0,1.0,50.69,51.7,49.35,50.76,301943.0
2017-03-02,51.62,52.72,49.65,50.88,384303.0,0.0,1.0,51.62,52.72,49.65,50.88,384303.0
2017-03-01,50.74,54.27,50.26,51.2,1099225.0,0.0,1.0,50.74,54.27,50.26,51.2,1099225.0
2017-02-28,49.2,49.21,48.0,48.22,573850.0,0.0,1.0,49.2,49.21,48.0,48.22,573850.0
2017-02-27,48.01,49.3,47.095,48.91,315809.0,0.0,1.0,48.01,49.3,47.095,48.91,315809.0
2017-02-24,48.04,48.61,47.935,48.4,170139.0,0.0,1.0,48.04,48.61,47.935,48.4,170139.0
2017-02-23,48.58,48.58,47.79,48.38,142681.0,0.0,1.0,48.58,48.58,47.79,48.38,142681.0
2017-02-22,48.02,48.52,47.84,48.47,137002.0,0.0,1.0,48.02,48.52,47.84,48.47,137002.0
2017-02-21,47.61,48.33,47.34,47.99,136698.0,0.0,1.0,47.61,48.33,47.34,47.99,136698.0
2017-02-17,47.37,47.97,47.15,47.94,159062.0,0.0,1.0,47.37,47.97,47.15,47.94,159062.0
2017-02-16,47.19,48.13,46.99,47.57,153472.0,0.0,1.0,47.19,48.13,46.99,47.57,153472.0
2017-02-15,47.99,48.4,47.23,47.44,249388.0,0.0,1.0,47.99,48.4,47.23,47.44,249388.0
2017-02-14,46.44,48.08,46.4,47.77,325504.0,0.0,1.0,46.44,48.08,46.4,47.77,325504.0
2017-02-13,46.82,46.99,46.27,46.42,93128.0,0.0,1.0,46.82,46.99,46.27,46.42,93128.0
2017-02-10,46.36,46.665,45.85,46.52,179782.0,0.0,1.0,46.36,46.665,45.85,46.52,179782.0
2017-02-09,45.9,46.43,45.32,46.33,111129.0,0.0,1.0,45.9,46.43,45.32,46.33,111129.0
2017-02-08,45.72,46.16,45.18,45.84,236162.0,0.0,1.0,45.72,46.16,45.18,45.84,236162.0
2017-02-07,46.44,46.7,45.54,45.94,168324.0,0.0,1.0,46.44,46.7,45.54,45.94,168324.0
2017-02-06,46.41,46.61,45.86,46.19,142472.0,0.0,1.0,46.41,46.61,45.86,46.19,142472.0
2017-02-03,46.04,46.65,45.22,46.55,183808.0,0.0,1.0,46.04,46.65,45.22,46.55,183808.0
2017-02-02,45.47,46.06,45.29,45.6,150326.0,0.0,1.0,45.47,46.06,45.29,45.6,150326.0
2017-02-01,45.63,46.55,45.19,45.57,307721.0,0.0,1.0,45.63,46.55,45.19,45.57,307721.0
2017-01-31,44.26,46.51,43.48,45.82,313875.0,0.0,1.0,44.26,46.51,43.48,45.82,313875.0
2017-01-30,46.9,46.9,44.05,44.5,523703.0,0.0,1.0,46.9,46.9,44.05,44.5,523703.0
2017-01-27,47.29,47.78,47.11,47.33,340840.0,0.0,1.0,47.29,47.78,47.11,47.33,340840.0
2017-01-26,47.69,47.84,47.12,47.6,176404.0,0.0,1.0,47.69,47.84,47.12,47.6,176404.0
2017-01-25,47.36,48.01,47.25,47.66,195709.0,0.0,1.0,47.36,48.01,47.25,47.66,195709.0
2017-01-24,47.08,47.36,46.53,47.25,201844.0,0.0,1.0,47.08,47.36,46.53,47.25,201844.0
2017-01-23,46.04,47.1,45.76,47.06,344971.0,0.0,1.0,46.04,47.1,45.76,47.06,344971.0
2017-01-20,45.49,46.6,45.405,46.35,338041.0,0.0,1.0,45.49,46.6,45.405,46.35,338041.0
2017-01-19,45.82,46.11,45.28,45.65,559304.0,0.0,1.0,45.82,46.11,45.28,45.65,559304.0
2017-01-18,45.22,45.86,43.76,45.81,387555.0,0.0,1.0,45.22,45.86,43.76,45.81,387555.0
2017-01-17,44.05,45.45,43.66,44.97,845271.0,0.0,1.0,44.05,45.45,43.66,44.97,845271.0
2017-01-13,43.68,44.16,43.07,43.98,153068.0,0.0,1.0,43.68,44.16,43.07,43.98,153068.0
2017-01-12,43.7,43.89,42.05,43.4,385193.0,0.0,1.0,43.7,43.89,42.05,43.4,385193.0
2017-01-11,43.12,44.0,42.94,43.94,216963.0,0.0,1.0,43.12,44.0,42.94,43.94,216963.0
2017-01-10,43.02,43.57,42.19,43.14,238906.0,0.0,1.0,43.02,43.57,42.19,43.14,238906.0
2017-01-09,42.4,43.34,42.27,43.08,444007.0,0.0,1.0,42.4,43.34,42.27,43.08,444007.0
2017-01-06,43.23,43.98,42.4,42.41,190431.0,0.0,1.0,43.23,43.98,42.4,42.41,190431.0
2017-01-05,44.37,44.849,43.085,43.36,162841.0,0.0,1.0,44.37,44.849,43.085,43.36,162841.0
2017-01-04,42.6,44.57,42.6,44.44,243975.0,0.0,1.0,42.6,44.57,42.6,44.44,243975.0
2017-01-03,42.85,43.055,42.14,42.52,184242.0,0.0,1.0,42.85,43.055,42.14,42.52,184242.0
2016-12-30,42.62,42.85,42.31,42.63,279165.0,0.0,1.0,42.62,42.85,42.31,42.63,279165.0
2016-12-29,43.3,43.61,42.261,42.59,195747.0,0.0,1.0,43.3,43.61,42.261,42.59,195747.0
2016-12-28,43.7,43.865,42.9,43.21,133440.0,0.0,1.0,43.7,43.865,42.9,43.21,133440.0
2016-12-27,43.3,44.019,43.12,43.77,144096.0,0.0,1.0,43.3,44.019,43.12,43.77,144096.0
2016-12-23,42.87,43.72,42.82,43.21,146086.0,0.0,1.0,42.87,43.72,42.82,43.21,146086.0
2016-12-22,43.18,43.19,42.52,42.89,221933.0,0.0,1.0,43.18,43.19,42.52,42.89,221933.0
2016-12-21,43.45,43.62,43.06,43.14,187340.0,0.0,1.0,43.45,43.62,43.06,43.14,187340.0
2016-12-20,43.28,43.8,43.08,43.31,280012.0,0.0,1.0,43.28,43.8,43.08,43.31,280012.0
2016-12-19,42.77,43.6,42.32,43.2,322129.0,0.0,1.0,42.77,43.6,42.32,43.2,322129.0
2016-12-16,41.98,43.25,41.98,42.85,1011266.0,0.0,1.0,41.98,43.25,41.98,42.85,1011266.0
2016-12-15,40.79,41.84,39.951,41.78,270686.0,0.0,1.0,40.79,41.84,39.951,41.78,270686.0
2016-12-14,41.92,41.92,40.47,40.54,184760.0,0.0,1.0,41.92,41.92,40.47,40.54,184760.0
2016-12-13,41.98,42.25,41.36,41.88,305903.0,0.0,1.0,41.98,42.25,41.36,41.88,305903.0
2016-12-12,42.05,42.05,40.97,41.84,337138.0,0.0,1.0,42.05,42.05,40.97,41.84,337138.0
2016-12-09,41.55,42.08,41.4,42.05,320318.0,0.0,1.0,41.55,42.08,41.4,42.05,320318.0
2016-12-08,40.26,41.63,40.1,41.56,274295.0,0.0,1.0,40.26,41.63,40.1,41.56,274295.0
2016-12-07,39.11,40.24,38.16,40.11,210820.0,0.0,1.0,39.11,40.24,38.16,40.11,210820.0
2016-12-06,38.39,39.49,38.0,39.3,329276.0,0.0,1.0,38.39,39.49,38.0,39.3,329276.0
2016-12-05,39.01,39.82,38.67,38.69,309735.0,0.0,1.0,39.01,39.82,38.67,38.69,309735.0
2016-12-02,39.39,39.96,38.68,38.76,157996.0,0.0,1.0,39.39,39.96,38.68,38.76,157996.0
2016-12-01,39.58,39.855,39.0,39.49,208935.0,0.0,1.0,39.58,39.855,39.0,39.49,208935.0
2016-11-30,41.06,41.45,39.45,39.49,206640.0,0.0,1.0,41.06,41.45,39.45,39.49,206640.0
2016-11-29,40.54,41.23,40.0511,41.04,248430.0,0.0,1.0,40.54,41.23,40.0511,41.04,248430.0
2016-11-28,41.35,41.78,40.11,40.27,222759.0,0.0,1.0,41.35,41.78,40.11,40.27,222759.0
2016-11-25,41.18,41.75,40.405,41.66,135976.0,0.0,1.0,41.18,41.75,40.405,41.66,135976.0
2016-11-23,40.17,41.08,39.655,41.07,100059.0,0.0,1.0,40.17,41.08,39.655,41.07,100059.0
2016-11-22,40.37,40.49,39.91,40.36,132283.0,0.0,1.0,40.37,40.49,39.91,40.36,132283.0
2016-11-21,41.0,41.02,39.86,40.44,270577.0,0.0,1.0,41.0,41.02,39.86,40.44,270577.0
2016-11-18,40.61,40.89,40.28,40.87,373167.0,0.0,1.0,40.61,40.89,40.28,40.87,373167.0
2016-11-17,40.4,41.09,40.4,40.69,374931.0,0.0,1.0,40.4,41.09,40.4,40.69,374931.0
2016-11-16,40.75,40.87,40.16,40.44,379401.0,0.0,1.0,40.75,40.87,40.16,40.44,379401.0
2016-11-15,40.89,41.83,40.29,40.75,374205.0,0.0,1.0,40.89,41.83,40.29,40.75,374205.0
2016-11-14,41.39,42.11,40.31,41.24,436459.0,0.0,1.0,41.39,42.11,40.31,41.24,436459.0
2016-11-11,41.08,41.69,40.67,41.12,341008.0,0.0,1.0,41.08,41.69,40.67,41.12,341008.0
2016-11-10,40.21,41.6,40.12,41.1,465032.0,0.0,1.0,40.21,41.6,40.12,41.1,465032.0
2016-11-09,36.75,39.65,34.58,39.55,730997.0,0.0,1.0,36.75,39.65,34.58,39.55,730997.0
2016-11-08,39.51,40.29,39.27,40.1,278048.0,0.0,1.0,39.51,40.29,39.27,40.1,278048.0
2016-11-07,39.57,40.155,39.05,39.54,423606.0,0.0,1.0,39.57,40.155,39.05,39.54,423606.0
2016-11-04,41.59,43.34,37.79,38.2,1251671.0,0.0,1.0,41.59,43.34,37.79,38.2,1251671.0
2016-11-03,42.66,44.22,42.66,43.78,423907.0,0.0,1.0,42.66,44.22,42.66,43.78,423907.0
2016-11-02,42.17,43.42,42.14,42.49,238215.0,0.0,1.0,42.17,43.42,42.14,42.49,238215.0
2016-11-01,43.47,43.47,41.32,42.06,336075.0,0.0,1.0,43.47,43.47,41.32,42.06,336075.0
2016-10-31,42.45,43.52,40.5816,43.26,355299.0,0.0,1.0,42.45,43.52,40.5816,43.26,355299.0
2016-10-28,42.01,42.6,41.61,42.55,366531.0,0.0,1.0,42.01,42.6,41.61,42.55,366531.0
2016-10-27,41.0,42.81,40.061,42.0,1126734.0,0.0,1.0,41.0,42.81,40.061,42.0,1126734.0
2016-10-26,43.55,44.245,43.11,43.62,223537.0,0.0,1.0,43.55,44.245,43.11,43.62,223537.0
2016-10-25,43.48,44.28,43.04,43.91,291991.0,0.0,1.0,43.48,44.28,43.04,43.91,291991.0
2016-10-24,44.0,44.41,43.5,43.64,184366.0,0.0,1.0,44.0,44.41,43.5,43.64,184366.0
2016-10-21,44.99,44.99,43.56,43.86,325105.0,0.0,1.0,44.99,44.99,43.56,43.86,325105.0
2016-10-20,45.25,45.73,45.01,45.15,127286.0,0.0,1.0,45.25,45.73,45.01,45.15,127286.0
2016-10-19,46.13,46.13,44.69,45.365,312809.0,0.0,1.0,46.13,46.13,44.69,45.365,312809.0
2016-10-18,45.63,46.61,45.57,46.12,100813.0,0.0,1.0,45.63,46.61,45.57,46.12,100813.0
2016-10-17,45.09,45.73,44.93,45.16,149651.0,0.0,1.0,45.09,45.73,44.93,45.16,149651.0
2016-10-14,45.65,45.65,44.88,45.18,131392.0,0.0,1.0,45.65,45.65,44.88,45.18,131392.0
2016-10-13,44.95,45.76,44.94,45.55,135946.0,0.0,1.0,44.95,45.76,44.94,45.55,135946.0
2016-10-12,45.13,46.07,44.98,45.44,166276.0,0.0,1.0,45.13,46.07,44.98,45.44,166276.0
2016-10-11,46.58,46.58,44.758,45.1,152330.0,0.0,1.0,46.58,46.58,44.758,45.1,152330.0
2016-10-10,45.97,47.64,45.95,46.66,251533.0,0.0,1.0,45.97,47.64,45.95,46.66,251533.0
2016-10-07,46.36,46.75,44.19,45.63,478041.0,0.0,1.0,46.36,46.75,44.19,45.63,478041.0
2016-10-06,47.66,47.66,46.19,46.2,182081.0,0.0,1.0,47.66,47.66,46.19,46.2,182081.0
2016-10-05,47.1,48.13,47.01,47.8,128309.0,0.0,1.0,47.1,48.13,47.01,47.8,128309.0
2016-10-04,46.86,46.94,46.54,46.9,139971.0,0.0,1.0,46.86,46.94,46.54,46.9,139971.0
2016-10-03,47.39,47.39,46.26,46.72,185551.0,0.0,1.0,47.39,47.39,46.26,46.72,185551.0
2016-09-30,47.63,47.76,46.76,47.44,352605.0,0.0,1.0,47.63,47.76,46.76,47.44,352605.0
2016-09-29,48.25,48.41,47.17,47.31,163336.0,0.0,1.0,48.25,48.41,47.17,47.31,163336.0
2016-09-28,48.07,48.47,47.47,48.45,187014.0,0.0,1.0,48.07,48.47,47.47,48.45,187014.0
2016-09-27,47.89,48.1,47.39,47.85,254411.0,0.0,1.0,47.89,48.1,47.39,47.85,254411.0
2016-09-26,48.34,48.59,47.71,47.95,259771.0,0.0,1.0,48.34,48.59,47.71,47.95,259771.0
2016-09-23,49.4,49.675,48.15,48.72,294046.0,0.0,1.0,49.4,49.675,48.15,48.72,294046.0
2016-09-22,49.99,50.17,49.29,49.5,284089.0,0.0,1.0,49.99,50.17,49.29,49.5,284089.0
2016-09-21,49.07,49.76,49.03,49.63,171367.0,0.0,1.0,49.07,49.76,49.03,49.63,171367.0
2016-09-20,49.42,49.74,48.89,49.12,141400.0,0.0,1.0,49.42,49.74,48.89,49.12,141400.0
2016-09-19,49.52,49.87,48.94,49.24,114976.0,0.0,1.0,49.52,49.87,48.94,49.24,114976.0
2016-09-16,48.46,49.41,48.46,49.25,283414.0,0.0,1.0,48.46,49.41,48.46,49.25,283414.0
2016-09-15,47.92,48.55,47.61,48.44,93875.0,0.0,1.0,47.92,48.55,47.61,48.44,93875.0
2016-09-14,48.5,48.5,47.85,48.0,223368.0,0.0,1.0,48.5,48.5,47.85,48.0,223368.0
2016-09-13,48.14,48.5,47.74,48.29,221516.0,0.0,1.0,48.14,48.5,47.74,48.29,221516.0
2016-09-12,48.58,49.12,48.11,48.82,224570.0,0.0,1.0,48.58,49.12,48.11,48.82,224570.0
2016-09-09,49.36,49.36,48.55,48.63,189746.0,0.0,1.0,49.36,49.36,48.55,48.63,189746.0
2016-09-08,49.37,50.05,48.99,49.9,180061.0,0.0,1.0,49.37,50.05,48.99,49.9,180061.0
2016-09-07,49.15,49.72,47.7847,49.3,142200.0,0.0,1.0,49.15,49.72,47.7847,49.3,142200.0
2016-09-06,49.51,49.51,48.6,49.12,166595.0,0.0,1.0,49.51,49.51,48.6,49.12,166595.0
2016-09-02,48.18,49.49,47.91,49.49,192173.0,0.0,1.0,48.18,49.49,47.91,49.49,192173.0
2016-09-01,48.13,48.53,47.66,48.1,245651.0,0.0,1.0,48.13,48.53,47.66,48.1,245651.0
2016-08-31,48.14,48.35,47.6,48.13,280962.0,0.0,1.0,48.14,48.35,47.6,48.13,280962.0
2016-08-30,47.03,48.12,47.03,48.07,156278.0,0.0,1.0,47.03,48.12,47.03,48.07,156278.0
2016-08-29,46.13,47.39,46.03,47.31,158467.0,0.0,1.0,46.13,47.39,46.03,47.31,158467.0
2016-08-26,46.31,46.68,45.73,46.05,186638.0,0.0,1.0,46.31,46.68,45.73,46.05,186638.0
2016-08-25,46.35,46.9,46.03,46.3,140864.0,0.0,1.0,46.35,46.9,46.03,46.3,140864.0
2016-08-24,47.92,47.92,46.37,46.47,218314.0,0.0,1.0,47.92,47.92,46.37,46.47,218314.0
2016-08-23,47.93,48.06,47.01,47.82,204902.0,0.0,1.0,47.93,48.06,47.01,47.82,204902.0
2016-08-22,46.78,47.83,46.76,47.79,298147.0,0.0,1.0,46.78,47.83,46.76,47.79,298147.0
2016-08-19,47.58,47.58,46.74,46.86,337312.0,0.0,1.0,47.58,47.58,46.74,46.86,337312.0
2016-08-18,47.76,48.4,47.6,47.9,269850.0,0.0,1.0,47.76,48.4,47.6,47.9,269850.0
2016-08-17,48.42,48.49,47.52,47.88,416839.0,0.0,1.0,48.42,48.49,47.52,47.88,416839.0
2016-08-16,49.31,49.56,48.38,48.5,224570.0,0.0,1.0,49.31,49.56,48.38,48.5,224570.0
2016-08-15,48.52,49.37,48.48,49.27,329342.0,0.0,1.0,48.52,49.37,48.48,49.27,329342.0
2016-08-12,48.87,48.99,48.22,48.6,217654.0,0.0,1.0,48.87,48.99,48.22,48.6,217654.0
2016-08-11,48.82,49.09,48.35,48.79,241793.0,0.0,1.0,48.82,49.09,48.35,48.79,241793.0
2016-08-10,49.57,49.72,48.5284,48.69,380726.0,0.0,1.0,49.57,49.72,48.5284,48.69,380726.0
2016-08-09,49.58,50.31,49.4401,49.69,343248.0,0.0,1.0,49.58,50.31,49.4401,49.69,343248.0
2016-08-08,49.89,50.37,49.26,49.43,661423.0,0.0,1.0,49.89,50.37,49.26,49.43,661423.0
2016-08-05,50.87,51.13,49.94,50.21,454350.0,0.0,1.0,50.87,51.13,49.94,50.21,454350.0
2016-08-04,51.0,52.11,50.365,50.66,536867.0,0.0,1.0,51.0,52.11,50.365,50.66,536867.0
2016-08-03,50.16,51.78,45.48,51.08,1910247.0,0.0,1.0,50.16,51.78,45.48,51.08,1910247.0
2016-08-02,54.16,54.95,51.44,53.78,546804.0,0.0,1.0,54.16,54.95,51.44,53.78,546804.0
2016-08-01,53.41,55.16,52.96,55.0,567420.0,0.0,1.0,53.41,55.16,52.96,55.0,567420.0
2016-07-29,52.64,53.73,52.29,53.55,287915.0,0.0,1.0,52.64,53.73,52.29,53.55,287915.0
2016-07-28,52.43,52.82,52.04,52.52,122140.0,0.0,1.0,52.43,52.82,52.04,52.52,122140.0
2016-07-27,53.01,53.04,52.03,52.68,122316.0,0.0,1.0,53.01,53.04,52.03,52.68,122316.0
2016-07-26,52.76,53.0,52.2,52.93,125230.0,0.0,1.0,52.76,53.0,52.2,52.93,125230.0
2016-07-25,53.42,53.42,52.351000000000006,52.52,133868.0,0.0,1.0,53.42,53.42,52.351000000000006,52.52,133868.0
2016-07-22,53.24,53.82,52.0331,53.42,117973.0,0.0,1.0,53.24,53.82,52.0331,53.42,117973.0
2016-07-21,52.55,53.69,52.41,53.12,229893.0,0.0,1.0,52.55,53.69,52.41,53.12,229893.0
2016-07-20,52.29,53.0299,52.05,52.61,252911.0,0.0,1.0,52.29,53.0299,52.05,52.61,252911.0
2016-07-19,52.75,53.17,51.89,52.3,239210.0,0.0,1.0,52.75,53.17,51.89,52.3,239210.0
2016-07-18,52.4,52.86,51.96,52.75,158085.0,0.0,1.0,52.4,52.86,51.96,52.75,158085.0
2016-07-15,52.47,52.47,51.54,52.31,149324.0,0.0,1.0,52.47,52.47,51.54,52.31,149324.0
2016-07-14,53.17,53.17,52.02,52.06,86203.0,0.0,1.0,53.17,53.17,52.02,52.06,86203.0
2016-07-13,53.38,53.83,52.54,52.81,110821.0,0.0,1.0,53.38,53.83,52.54,52.81,110821.0
2016-07-12,52.42,53.42,52.17,53.18,262125.0,0.0,1.0,52.42,53.42,52.17,53.18,262125.0
2016-07-11,52.38,53.2203,51.75,52.25,130370.0,0.0,1.0,52.38,53.2203,51.75,52.25,130370.0
2016-07-08,52.1,52.72,51.41,52.33,186759.0,0.0,1.0,52.1,52.72,51.41,52.33,186759.0
2016-07-07,50.87,52.09,50.69,51.7,191685.0,0.0,1.0,50.87,52.09,50.69,51.7,191685.0
2016-07-06,49.92,51.1,49.4,50.77,219936.0,0.0,1.0,49.92,51.1,49.4,50.77,219936.0
2016-07-05,50.58,50.76,49.685,50.18,167109.0,0.0,1.0,50.58,50.76,49.685,50.18,167109.0
2016-07-01,50.29,51.11,49.85,50.97,200548.0,0.0,1.0,50.29,51.11,49.85,50.97,200548.0
2016-06-30,49.61,50.52,49.2,50.48,261069.0,0.0,1.0,49.61,50.52,49.2,50.48,261069.0
2016-06-29,49.13,49.74,46.12,49.54,274148.0,0.0,1.0,49.13,49.74,46.12,49.54,274148.0
2016-06-28,48.79,50.0,48.6,48.74,273386.0,0.0,1.0,48.79,50.0,48.6,48.74,273386.0
2016-06-27,48.55,48.93,47.86,48.55,326722.0,0.0,1.0,48.55,48.93,47.86,48.55,326722.0
2016-06-24,48.77,50.49,48.51,49.13,474728.0,0.0,1.0,48.77,50.49,48.51,49.13,474728.0
2016-06-23,49.79,51.0,49.62,50.91,233883.0,0.0,1.0,49.79,51.0,49.62,50.91,233883.0
2016-06-22,49.2,50.0,48.84,49.31,125824.0,0.0,1.0,49.2,50.0,48.84,49.31,125824.0
2016-06-21,49.23,49.57,48.49,49.21,166079.0,0.0,1.0,49.23,49.57,48.49,49.21,166079.0
2016-06-20,48.52,49.625,48.33,49.07,274725.0,0.0,1.0,48.52,49.625,48.33,49.07,274725.0
2016-06-17,50.35,52.82,47.85,48.1,393346.0,0.0,1.0,50.35,52.82,47.85,48.1,393346.0
2016-06-16,50.01,50.55,49.55,50.49,168173.0,0.0,1.0,50.01,50.55,49.55,50.49,168173.0
2016-06-15,50.45,50.61,49.89,50.38,137805.0,0.0,1.0,50.45,50.61,49.89,50.38,137805.0
2016-06-14,50.04,50.67,49.63,50.24,190062.0,0.0,1.0,50.04,50.67,49.63,50.24,190062.0
2016-06-13,51.63,52.03,50.09,50.23,212762.0,0.0,1.0,51.63,52.03,50.09,50.23,212762.0
2016-06-10,52.34,52.8,51.6,51.8,213988.0,0.0,1.0,52.34,52.8,51.6,51.8,213988.0
2016-06-09,54.05,54.42,52.39,52.8,330175.0,0.0,1.0,54.05,54.42,52.39,52.8,330175.0
2016-06-08,53.21,54.14,52.76,54.07,155850.0,0.0,1.0,53.21,54.14,52.76,54.07,155850.0
2016-06-07,52.95,53.68,52.09,53.47,172132.0,0.0,1.0,52.95,53.68,52.09,53.47,172132.0
2016-06-06,52.71,53.48,52.4072,53.13,159743.0,0.0,1.0,52.71,53.48,52.4072,53.13,159743.0
2016-06-03,52.5,52.95,51.97,52.56,166389.0,0.0,1.0,52.5,52.95,51.97,52.56,166389.0
2016-06-02,51.93,52.88,51.72,52.86,148151.0,0.0,1.0,51.93,52.88,51.72,52.86,148151.0
2016-06-01,50.77,52.05,50.0,51.88,189354.0,0.0,1.0,50.77,52.05,50.0,51.88,189354.0
2016-05-31,50.73,51.07899999999999,50.06,50.87,231201.0,0.0,1.0,50.73,51.07899999999999,50.06,50.87,231201.0
2016-05-27,51.4,51.4,50.03,50.67,138112.0,0.0,1.0,51.4,51.4,50.03,50.67,138112.0
2016-05-26,51.39,51.45,50.47,51.19,152374.0,0.0,1.0,51.39,51.45,50.47,51.19,152374.0
2016-05-25,52.28,53.023999999999994,51.32,51.51,281479.0,0.0,1.0,52.28,53.023999999999994,51.32,51.51,281479.0
2016-05-24,50.92,52.48,50.65,52.28,358927.0,0.0,1.0,50.92,52.48,50.65,52.28,358927.0
2016-05-23,50.8,51.2615,50.14,50.41,215610.0,0.0,1.0,50.8,51.2615,50.14,50.41,215610.0
2016-05-20,51.37,51.41,49.8,50.41,287544.0,0.0,1.0,51.37,51.41,49.8,50.41,287544.0
2016-05-19,51.32,51.98,50.18,51.19,152601.0,0.0,1.0,51.32,51.98,50.18,51.19,152601.0
2016-05-18,50.38,51.96,49.99,51.6,228096.0,0.0,1.0,50.38,51.96,49.99,51.6,228096.0
2016-05-17,50.49,51.7,49.6511,50.21,392439.0,0.0,1.0,50.49,51.7,49.6511,50.21,392439.0
2016-05-16,50.27,50.86,49.64,50.59,209527.0,0.0,1.0,50.27,50.86,49.64,50.59,209527.0
2016-05-13,50.04,52.29,49.6448,50.28,226099.0,0.0,1.0,50.04,52.29,49.6448,50.28,226099.0
2016-05-12,51.93,51.93,49.46,49.92,253243.0,0.0,1.0,51.93,51.93,49.46,49.92,253243.0
2016-05-11,52.25,52.25,51.37,51.49,327466.0,0.0,1.0,52.25,52.25,51.37,51.49,327466.0
2016-05-10,52.51,52.51,51.04,51.99,253969.0,0.0,1.0,52.51,52.51,51.04,51.99,253969.0
2016-05-09,50.28,52.4,50.2301,51.69,386890.0,0.0,1.0,50.28,52.4,50.2301,51.69,386890.0
2016-05-06,49.56,51.25,49.08,51.22,266733.0,0.0,1.0,49.56,51.25,49.08,51.22,266733.0
2016-05-05,49.62,50.35,48.78,49.65,342507.0,0.0,1.0,49.62,50.35,48.78,49.65,342507.0
2016-05-04,50.64,51.39,48.54,49.03,696160.0,0.0,1.0,50.64,51.39,48.54,49.03,696160.0
2016-05-03,52.11,52.85,51.47,51.83,320687.0,0.0,1.0,52.11,52.85,51.47,51.83,320687.0
2016-05-02,51.68,52.84,51.0,52.7,285863.0,0.0,1.0,51.68,52.84,51.0,52.7,285863.0
2016-04-29,52.0,53.03,51.1,51.49,188071.0,0.0,1.0,52.0,53.03,51.1,51.49,188071.0
2016-04-28,53.13,54.29,52.01,52.14,264624.0,0.0,1.0,53.13,54.29,52.01,52.14,264624.0
2016-04-27,52.1,53.24,52.04,53.13,448078.0,0.0,1.0,52.1,53.24,52.04,53.13,448078.0
2016-04-26,51.32,52.54,50.47,51.99,388112.0,0.0,1.0,51.32,52.54,50.47,51.99,388112.0
2016-04-25,51.55,51.76,51.01,51.57,162373.0,0.0,1.0,51.55,51.76,51.01,51.57,162373.0
2016-04-22,50.45,51.85,50.45,51.47,311648.0,0.0,1.0,50.45,51.85,50.45,51.47,311648.0
2016-04-21,51.43,51.74,50.23,50.58,243674.0,0.0,1.0,51.43,51.74,50.23,50.58,243674.0
2016-04-20,50.85,51.4,49.79,51.3,184802.0,0.0,1.0,50.85,51.4,49.79,51.3,184802.0
2016-04-19,49.98,51.23,49.88,50.91,301846.0,0.0,1.0,49.98,51.23,49.88,50.91,301846.0
2016-04-18,48.69,49.74,48.39,49.64,287686.0,0.0,1.0,48.69,49.74,48.39,49.64,287686.0
2016-04-15,48.61,49.44,48.19,49.07,328596.0,0.0,1.0,48.61,49.44,48.19,49.07,328596.0
2016-04-14,47.77,49.0,47.56,48.88,230123.0,0.0,1.0,47.77,49.0,47.56,48.88,230123.0
2016-04-13,47.68,48.15,47.25,47.7,263205.0,0.0,1.0,47.68,48.15,47.25,47.7,263205.0
2016-04-12,47.77,48.0,46.93,47.51,228716.0,0.0,1.0,47.77,48.0,46.93,47.51,228716.0
2016-04-11,48.22,48.76,47.67,47.84,266734.0,0.0,1.0,48.22,48.76,47.67,47.84,266734.0
2016-04-08,48.0,48.23,47.44,47.87,183860.0,0.0,1.0,48.0,48.23,47.44,47.87,183860.0
2016-04-07,47.45,48.49,47.05,47.74,287588.0,0.0,1.0,47.45,48.49,47.05,47.74,287588.0
2016-04-06,47.29,48.68,47.28,47.87,375886.0,0.0,1.0,47.29,48.68,47.28,47.87,375886.0
2016-04-05,47.73,47.95,46.51,47.13,434224.0,0.0,1.0,47.73,47.95,46.51,47.13,434224.0
2016-04-04,48.7,48.9,47.88,48.15,442069.0,0.0,1.0,48.7,48.9,47.88,48.15,442069.0
2016-04-01,48.17,49.32,47.54,48.73,530394.0,0.0,1.0,48.17,49.32,47.54,48.73,530394.0
2016-03-31,47.57,48.48,47.4727,48.34,374497.0,0.0,1.0,47.57,48.48,47.4727,48.34,374497.0
2016-03-30,46.63,47.98,46.63,47.65,425689.0,0.0,1.0,46.63,47.98,46.63,47.65,425689.0
2016-03-29,44.22,46.56,44.22,46.54,355760.0,0.0,1.0,44.22,46.56,44.22,46.54,355760.0
2016-03-28,44.04,44.46,43.605,44.15,217079.0,0.0,1.0,44.04,44.46,43.605,44.15,217079.0
2016-03-24,43.39,43.93,42.91,43.76,236197.0,0.0,1.0,43.39,43.93,42.91,43.76,236197.0
2016-03-23,43.4,44.42,42.9,43.75,495565.0,0.0,1.0,43.4,44.42,42.9,43.75,495565.0
2016-03-22,42.84,43.58,42.51,43.37,322075.0,0.0,1.0,42.84,43.58,42.51,43.37,322075.0
2016-03-21,43.57,43.91,42.77,43.21,280681.0,0.0,1.0,43.57,43.91,42.77,43.21,280681.0
2016-03-18,41.55,44.0,40.8,43.83,620779.0,0.0,1.0,41.55,44.0,40.8,43.83,620779.0
2016-03-17,41.32,41.99,39.76,41.26,333593.0,0.0,1.0,41.32,41.99,39.76,41.26,333593.0
2016-03-16,41.04,41.7,40.53,41.57,245375.0,0.0,1.0,41.04,41.7,40.53,41.57,245375.0
2016-03-15,41.59,41.59,40.72,41.1,295570.0,0.0,1.0,41.59,41.59,40.72,41.1,295570.0
2016-03-14,41.88,42.3,41.51,41.93,216590.0,0.0,1.0,41.88,42.3,41.51,41.93,216590.0
2016-03-11,42.01,42.29,41.54,42.1,309126.0,0.0,1.0,42.01,42.29,41.54,42.1,309126.0
2016-03-10,43.03,43.48,41.47,41.82,627910.0,0.0,1.0,43.03,43.48,41.47,41.82,627910.0
2016-03-09,39.59,43.01,37.45,42.72,944412.0,0.0,1.0,39.59,43.01,37.45,42.72,944412.0
2016-03-08,37.91,38.43,37.07,37.25,274475.0,0.0,1.0,37.91,38.43,37.07,37.25,274475.0
2016-03-07,37.68,38.95,37.53,38.0,339720.0,0.0,1.0,37.68,38.95,37.53,38.0,339720.0
2016-03-04,38.17,38.66,37.55,37.83,277732.0,0.0,1.0,38.17,38.66,37.55,37.83,277732.0
2016-03-03,36.68,38.57,36.26,38.02,319345.0,0.0,1.0,36.68,38.57,36.26,38.02,319345.0
2016-03-02,37.99,38.17,36.66,36.89,318147.0,0.0,1.0,37.99,38.17,36.66,36.89,318147.0
2016-03-01,36.85,37.99,36.27,37.98,201285.0,0.0,1.0,36.85,37.99,36.27,37.98,201285.0
2016-02-29,37.99,38.49,36.68,36.74,291566.0,0.0,1.0,37.99,38.49,36.68,36.74,291566.0
2016-02-26,37.99,38.39,37.52,38.2,213299.0,0.0,1.0,37.99,38.39,37.52,38.2,213299.0
2016-02-25,37.38,37.95,37.22,37.62,208177.0,0.0,1.0,37.38,37.95,37.22,37.62,208177.0
2016-02-24,35.84,37.37,35.74,37.35,268686.0,0.0,1.0,35.84,37.37,35.74,37.35,268686.0
2016-02-23,36.3,36.855,35.77,36.26,225180.0,0.0,1.0,36.3,36.855,35.77,36.26,225180.0
2016-02-22,36.09,37.2499,36.09,36.57,303641.0,0.0,1.0,36.09,37.2499,36.09,36.57,303641.0
2016-02-19,35.72,36.01,35.2701,35.82,358596.0,0.0,1.0,35.72,36.01,35.2701,35.82,358596.0
2016-02-18,37.0,37.02,35.73,35.84,352483.0,0.0,1.0,37.0,37.02,35.73,35.84,352483.0
2016-02-17,37.5,38.08,36.89,36.97,311608.0,0.0,1.0,37.5,38.08,36.89,36.97,311608.0
2016-02-16,36.34,37.59,35.5675,37.37,300412.0,0.0,1.0,36.34,37.59,35.5675,37.37,300412.0
2016-02-12,35.31,36.1,34.61,36.02,318744.0,0.0,1.0,35.31,36.1,34.61,36.02,318744.0
2016-02-11,34.78,35.1,34.01,34.9,358786.0,0.0,1.0,34.78,35.1,34.01,34.9,358786.0
2016-02-10,33.34,35.66,33.125,35.15,376662.0,0.0,1.0,33.34,35.66,33.125,35.15,376662.0
2016-02-09,31.72,33.61,31.65,33.01,345607.0,0.0,1.0,31.72,33.61,31.65,33.01,345607.0
2016-02-08,32.3,32.74,31.16,32.18,489395.0,0.0,1.0,32.3,32.74,31.16,32.18,489395.0
2016-02-05,34.46,34.46,31.85,31.85,292842.0,0.0,1.0,34.46,34.46,31.85,31.85,292842.0
2016-02-04,33.94,35.01,32.92,34.65,234876.0,0.0,1.0,33.94,35.01,32.92,34.65,234876.0
2016-02-03,36.12,36.12,33.01,34.1,367887.0,0.0,1.0,36.12,36.12,33.01,34.1,367887.0
2016-02-02,35.68,36.13,35.31,35.95,221110.0,0.0,1.0,35.68,36.13,35.31,35.95,221110.0
2016-02-01,35.6,36.27,35.34,36.0,197507.0,0.0,1.0,35.6,36.27,35.34,36.0,197507.0
2016-01-29,34.69,35.91,34.565,35.75,316595.0,0.0,1.0,34.69,35.91,34.565,35.75,316595.0
2016-01-28,36.98,37.2,34.54,34.69,272895.0,0.0,1.0,36.98,37.2,34.54,34.69,272895.0
2016-01-27,37.72,38.05,36.33,36.48,179085.0,0.0,1.0,37.72,38.05,36.33,36.48,179085.0
2016-01-26,37.75,38.45,36.85,37.79,175134.0,0.0,1.0,37.75,38.45,36.85,37.79,175134.0
2016-01-25,38.28,38.82,37.52,37.64,286103.0,0.0,1.0,38.28,38.82,37.52,37.64,286103.0
2016-01-22,38.09,39.04,37.445,38.53,382957.0,0.0,1.0,38.09,39.04,37.445,38.53,382957.0
2016-01-21,37.94,39.11,36.88,37.32,392228.0,0.0,1.0,37.94,39.11,36.88,37.32,392228.0
2016-01-20,38.2,38.6,36.01,37.74,436129.0,0.0,1.0,38.2,38.6,36.01,37.74,436129.0
2016-01-19,38.93,39.98,38.39,38.63,474318.0,0.0,1.0,38.93,39.98,38.39,38.63,474318.0
2016-01-15,35.95,37.26,34.296,37.03,361167.0,0.0,1.0,35.95,37.26,34.296,37.03,361167.0
2016-01-14,36.2,37.725,35.65,37.1,519427.0,0.0,1.0,36.2,37.725,35.65,37.1,519427.0
2016-01-13,38.97,39.32,35.93,36.14,323397.0,0.0,1.0,38.97,39.32,35.93,36.14,323397.0
2016-01-12,39.5,40.0,38.76,39.1,306796.0,0.0,1.0,39.5,40.0,38.76,39.1,306796.0
2016-01-11,39.22,40.23,38.36,39.12,537705.0,0.0,1.0,39.22,40.23,38.36,39.12,537705.0
2016-01-08,38.77,39.35,37.81,38.08,342595.0,0.0,1.0,38.77,39.35,37.81,38.08,342595.0
2016-01-07,39.28,39.72,38.43,38.75,436978.0,0.0,1.0,39.28,39.72,38.43,38.75,436978.0
2016-01-06,38.58,40.03,38.58,39.95,274886.0,0.0,1.0,38.58,40.03,38.58,39.95,274886.0
2016-01-05,39.01,39.9,38.9,39.26,215896.0,0.0,1.0,39.01,39.9,38.9,39.26,215896.0
2016-01-04,38.54,39.23,37.52,38.87,460691.0,0.0,1.0,38.54,39.23,37.52,38.87,460691.0
2015-12-31,40.12,40.325,39.28,39.32,300417.0,0.0,1.0,40.12,40.325,39.28,39.32,300417.0
2015-12-30,41.65,41.92,40.13,40.46,156878.0,0.0,1.0,41.65,41.92,40.13,40.46,156878.0
2015-12-29,40.49,41.69,40.48,41.6,205998.0,0.0,1.0,40.49,41.69,40.48,41.6,205998.0
2015-12-28,41.0,41.12,39.68,40.31,219445.0,0.0,1.0,41.0,41.12,39.68,40.31,219445.0
2015-12-24,41.6,41.99,41.0,41.12,70814.0,0.0,1.0,41.6,41.99,41.0,41.12,70814.0
2015-12-23,42.08,42.37,41.33,41.52,322201.0,0.0,1.0,42.08,42.37,41.33,41.52,322201.0
2015-12-22,41.5,42.24,41.13,41.93,305275.0,0.0,1.0,41.5,42.24,41.13,41.93,305275.0
2015-12-21,41.19,41.46,40.71,41.44,221055.0,0.0,1.0,41.19,41.46,40.71,41.44,221055.0
2015-12-18,41.13,41.71,40.78,40.88,638747.0,0.0,1.0,41.13,41.71,40.78,40.88,638747.0
2015-12-17,41.08,41.99,41.08,41.38,267351.0,0.0,1.0,41.08,41.99,41.08,41.38,267351.0
2015-12-16,41.11,41.55,40.43,41.05,288359.0,0.0,1.0,41.11,41.55,40.43,41.05,288359.0
2015-12-15,39.05,40.9,39.05,40.87,434251.0,0.0,1.0,39.05,40.9,39.05,40.87,434251.0
2015-12-14,38.82,39.48,38.2,38.76,383907.0,0.0,1.0,38.82,39.48,38.2,38.76,383907.0
2015-12-11,37.38,39.26,37.38,38.9,471399.0,0.0,1.0,37.38,39.26,37.38,38.9,471399.0
2015-12-10,38.57,39.388000000000005,38.015,38.13,434015.0,0.0,1.0,38.57,39.388000000000005,38.015,38.13,434015.0
2015-12-09,38.97,39.94,38.23,38.47,415919.0,0.0,1.0,38.97,39.94,38.23,38.47,415919.0
2015-12-08,38.79,39.26,37.83,39.04,439047.0,0.0,1.0,38.79,39.26,37.83,39.04,439047.0
2015-12-07,40.67,40.67,39.08,39.12,340686.0,0.0,1.0,40.67,40.67,39.08,39.12,340686.0
2015-12-04,40.97,41.55,40.42,40.58,203771.0,0.0,1.0,40.97,41.55,40.42,40.58,203771.0
2015-12-03,42.26,42.41,40.27,41.04,351035.0,0.0,1.0,42.26,42.41,40.27,41.04,351035.0
2015-12-02,41.31,42.4,41.31,41.95,388882.0,0.0,1.0,41.31,42.4,41.31,41.95,388882.0
2015-12-01,40.9,41.43,40.06,41.41,310391.0,0.0,1.0,40.9,41.43,40.06,41.41,310391.0
2015-11-30,41.84,42.001999999999995,40.52,40.59,253749.0,0.0,1.0,41.84,42.001999999999995,40.52,40.59,253749.0
2015-11-27,41.29,42.53,41.03,41.71,232901.0,0.0,1.0,41.29,42.53,41.03,41.71,232901.0
2015-11-25,41.18,41.75,39.5377,41.09,171916.0,0.0,1.0,41.18,41.75,39.5377,41.09,171916.0
2015-11-24,41.58,41.69,40.79,41.03,244306.0,0.0,1.0,41.58,41.69,40.79,41.03,244306.0
2015-11-23,41.25,42.1425,40.52,41.76,254552.0,0.0,1.0,41.25,42.1425,40.52,41.76,254552.0
2015-11-20,40.15,41.92,39.86,41.6,235514.0,0.0,1.0,40.15,41.92,39.86,41.6,235514.0
2015-11-19,40.72,40.73,39.76,39.88,194019.0,0.0,1.0,40.72,40.73,39.76,39.88,194019.0
2015-11-18,40.62,41.32,40.18,40.94,135356.0,0.0,1.0,40.62,41.32,40.18,40.94,135356.0
2015-11-17,40.15,40.89,39.56,40.62,201584.0,0.0,1.0,40.15,40.89,39.56,40.62,201584.0
2015-11-16,40.04,40.21,39.52,39.91,278640.0,0.0,1.0,40.04,40.21,39.52,39.91,278640.0
2015-11-13,40.27,40.27,39.78,40.02,324276.0,0.0,1.0,40.27,40.27,39.78,40.02,324276.0
2015-11-12,40.84,41.17,40.18,40.51,308953.0,0.0,1.0,40.84,41.17,40.18,40.51,308953.0
2015-11-11,42.28,42.85,40.64,41.03,474712.0,0.0,1.0,42.28,42.85,40.64,41.03,474712.0
2015-11-10,43.59,43.9799,43.26,43.48,181926.0,0.0,1.0,43.59,43.9799,43.26,43.48,181926.0
2015-11-09,44.71,45.0,43.05,43.72,202886.0,0.0,1.0,44.71,45.0,43.05,43.72,202886.0
2015-11-06,43.65,44.98,42.72,44.86,251180.0,0.0,1.0,43.65,44.98,42.72,44.86,251180.0
2015-11-05,41.08,44.48,40.98,43.87,962005.0,0.0,1.0,41.08,44.48,40.98,43.87,962005.0
2015-11-04,40.27,40.81,40.02,40.48,415815.0,0.0,1.0,40.27,40.81,40.02,40.48,415815.0
2015-11-03,40.43,40.976000000000006,39.19,39.89,449721.0,0.0,1.0,40.43,40.976000000000006,39.19,39.89,449721.0
2015-11-02,39.58,40.63,39.38,40.41,268792.0,0.0,1.0,39.58,40.63,39.38,40.41,268792.0
2015-10-30,39.61,39.92,39.17,39.58,431954.0,0.0,1.0,39.61,39.92,39.17,39.58,431954.0
2015-10-29,40.0,40.47,39.3,39.68,237918.0,0.0,1.0,40.0,40.47,39.3,39.68,237918.0
2015-10-28,39.97,40.68,38.73,40.11,360817.0,0.0,1.0,39.97,40.68,38.73,40.11,360817.0
2015-10-27,38.82,40.24,38.82,39.96,295981.0,0.0,1.0,38.82,40.24,38.82,39.96,295981.0
2015-10-26,38.36,40.18,38.17,39.13,468319.0,0.0,1.0,38.36,40.18,38.17,39.13,468319.0
2015-10-23,35.86,38.7,35.25,38.55,405300.0,0.0,1.0,35.86,38.7,35.25,38.55,405300.0
2015-10-22,39.9,40.39,34.715,35.27,541794.0,0.0,1.0,39.9,40.39,34.715,35.27,541794.0
2015-10-21,40.69,41.01,39.56,40.51,272955.0,0.0,1.0,40.69,41.01,39.56,40.51,272955.0
2015-10-20,40.99,41.74,39.94,40.54,250591.0,0.0,1.0,40.99,41.74,39.94,40.54,250591.0
2015-10-19,39.66,40.99,39.6,40.91,229386.0,0.0,1.0,39.66,40.99,39.6,40.91,229386.0
2015-10-16,39.58,40.47,39.02,39.78,249930.0,0.0,1.0,39.58,40.47,39.02,39.78,249930.0
2015-10-15,37.9,39.4,37.58,39.4,250633.0,0.0,1.0,37.9,39.4,37.58,39.4,250633.0
2015-10-14,38.23,39.09,37.53,38.14,257847.0,0.0,1.0,38.23,39.09,37.53,38.14,257847.0
2015-10-13,37.86,38.97,37.8,38.06,255040.0,0.0,1.0,37.86,38.97,37.8,38.06,255040.0
2015-10-12,38.04,38.246,37.42,37.9,256886.0,0.0,1.0,38.04,38.246,37.42,37.9,256886.0
2015-10-09,36.91,38.34,36.66,38.05,383077.0,0.0,1.0,36.91,38.34,36.66,38.05,383077.0
2015-10-08,36.38,36.98,35.65,36.74,222360.0,0.0,1.0,36.38,36.98,35.65,36.74,222360.0
2015-10-07,36.08,36.93,35.57,36.58,323390.0,0.0,1.0,36.08,36.93,35.57,36.58,323390.0
2015-10-06,35.8,36.6,35.27,36.0,344112.0,0.0,1.0,35.8,36.6,35.27,36.0,344112.0
2015-10-05,36.89,37.03,34.97,35.92,377590.0,0.0,1.0,36.89,37.03,34.97,35.92,377590.0
2015-10-02,35.4,36.98,35.345,36.53,339913.0,0.0,1.0,35.4,36.98,35.345,36.53,339913.0
2015-10-01,37.86,38.42,35.2,35.69,518143.0,0.0,1.0,37.86,38.42,35.2,35.69,518143.0
2015-09-30,37.26,38.37,36.62,37.97,322816.0,0.0,1.0,37.26,38.37,36.62,37.97,322816.0
2015-09-29,38.34,38.59,36.111,36.91,400910.0,0.0,1.0,38.34,38.59,36.111,36.91,400910.0
2015-09-28,41.07,41.09,36.91,38.21,389449.0,0.0,1.0,41.07,41.09,36.91,38.21,389449.0
2015-09-25,42.85,43.19,40.8,41.04,339207.0,0.0,1.0,42.85,43.19,40.8,41.04,339207.0
2015-09-24,42.33,42.62,41.2817,42.41,268543.0,0.0,1.0,42.33,42.62,41.2817,42.41,268543.0
2015-09-23,41.49,42.93,41.18,42.5,299678.0,0.0,1.0,41.49,42.93,41.18,42.5,299678.0
2015-09-22,40.69,41.52,40.27,41.49,167917.0,0.0,1.0,40.69,41.52,40.27,41.49,167917.0
2015-09-21,41.43,42.52,40.52,41.02,282612.0,0.0,1.0,41.43,42.52,40.52,41.02,282612.0
2015-09-18,41.94,42.67,40.74,40.93,1237809.0,0.0,1.0,41.94,42.67,40.74,40.93,1237809.0
2015-09-17,41.38,43.085,41.16,42.58,295129.0,0.0,1.0,41.38,43.085,41.16,42.58,295129.0
2015-09-16,41.32,41.51,41.02,41.22,150928.0,0.0,1.0,41.32,41.51,41.02,41.22,150928.0
2015-09-15,41.17,41.56,40.53,41.39,334606.0,0.0,1.0,41.17,41.56,40.53,41.39,334606.0
2015-09-14,41.41,42.35,40.075,41.29,592170.0,0.0,1.0,41.41,42.35,40.075,41.29,592170.0
2015-09-11,40.37,41.61,39.57,41.29,728392.0,0.0,1.0,40.37,41.61,39.57,41.29,728392.0
2015-09-10,41.54,41.696000000000005,39.52,40.37,368846.0,0.0,1.0,41.54,41.696000000000005,39.52,40.37,368846.0
2015-09-09,42.5,43.63,41.6,41.83,464024.0,0.0,1.0,42.5,43.63,41.6,41.83,464024.0
2015-09-08,40.26,41.49,40.0301,41.36,314018.0,0.0,1.0,40.26,41.49,40.0301,41.36,314018.0
2015-09-04,39.94,40.44,39.34,39.75,188508.0,0.0,1.0,39.94,40.44,39.34,39.75,188508.0
2015-09-03,41.21,42.6499,40.33,40.43,236811.0,0.0,1.0,41.21,42.6499,40.33,40.43,236811.0
2015-09-02,39.58,41.19,38.5,41.14,373903.0,0.0,1.0,39.58,41.19,38.5,41.14,373903.0
2015-09-01,38.66,39.56,37.9,39.36,503006.0,0.0,1.0,38.66,39.56,37.9,39.36,503006.0
2015-08-31,38.75,39.57,38.29,38.64,295609.0,0.0,1.0,38.75,39.57,38.29,38.64,295609.0
2015-08-28,38.99,39.4,38.53,39.09,281938.0,0.0,1.0,38.99,39.4,38.53,39.09,281938.0
2015-08-27,38.66,39.44,38.16,38.98,309084.0,0.0,1.0,38.66,39.44,38.16,38.98,309084.0
2015-08-26,38.44,38.98,37.1,38.52,244260.0,0.0,1.0,38.44,38.98,37.1,38.52,244260.0
2015-08-25,38.24,38.78,37.4701,37.55,306402.0,0.0,1.0,38.24,38.78,37.4701,37.55,306402.0
2015-08-24,38.48,39.44,36.31,36.92,638691.0,0.0,1.0,38.48,39.44,36.31,36.92,638691.0
2015-08-21,40.06,41.11,40.02,40.5,426821.0,0.0,1.0,40.06,41.11,40.02,40.5,426821.0
2015-08-20,43.67,43.9,40.59,40.72,658610.0,0.0,1.0,43.67,43.9,40.59,40.72,658610.0
2015-08-19,45.32,45.81,43.9452,43.97,295722.0,0.0,1.0,45.32,45.81,43.9452,43.97,295722.0
2015-08-18,45.54,46.48,45.37,45.51,235964.0,0.0,1.0,45.54,46.48,45.37,45.51,235964.0
2015-08-17,45.11,45.83,44.78,45.47,278139.0,0.0,1.0,45.11,45.83,44.78,45.47,278139.0
2015-08-14,45.16,45.59,44.5,45.38,198643.0,0.0,1.0,45.16,45.59,44.5,45.38,198643.0
2015-08-13,45.48,45.98,44.8078,45.08,264614.0,0.0,1.0,45.48,45.98,44.8078,45.08,264614.0
2015-08-12,45.08,45.74,44.42,45.59,344372.0,0.0,1.0,45.08,45.74,44.42,45.59,344372.0
2015-08-11,45.6,46.79,45.16,45.43,282090.0,0.0,1.0,45.6,46.79,45.16,45.43,282090.0
2015-08-10,47.03,47.47,45.47,46.11,473988.0,0.0,1.0,47.03,47.47,45.47,46.11,473988.0
2015-08-07,45.92,47.004,45.54,46.65,370212.0,0.0,1.0,45.92,47.004,45.54,46.65,370212.0
2015-08-06,46.69,47.8999,45.67,46.1,350560.0,0.0,1.0,46.69,47.8999,45.67,46.1,350560.0
2015-08-05,47.51,48.3353,45.55,46.62,527621.0,0.0,1.0,47.51,48.3353,45.55,46.62,527621.0
2015-08-04,44.81,47.52,44.68,47.44,697655.0,0.0,1.0,44.81,47.52,44.68,47.44,697655.0
2015-08-03,43.9,45.25,43.9,44.88,430923.0,0.0,1.0,43.9,45.25,43.9,44.88,430923.0
2015-07-31,43.07,44.84,42.89,43.63,664008.0,0.0,1.0,43.07,44.84,42.89,43.63,664008.0
2015-07-30,41.0,42.76,40.42,42.75,802766.0,0.0,1.0,41.0,42.76,40.42,42.75,802766.0
2015-07-29,46.4,46.4,40.28,41.13,1236676.0,0.0,1.0,46.4,46.4,40.28,41.13,1236676.0
2015-07-28,43.97,44.26,42.79,44.15,322371.0,0.0,1.0,43.97,44.26,42.79,44.15,322371.0
2015-07-27,43.94,44.11,42.62,43.44,375340.0,0.0,1.0,43.94,44.11,42.62,43.44,375340.0
2015-07-24,44.79,45.0999,43.91,44.18,195206.0,0.0,1.0,44.79,45.0999,43.91,44.18,195206.0
2015-07-23,44.62,45.7,44.37,44.68,198477.0,0.0,1.0,44.62,45.7,44.37,44.68,198477.0
2015-07-22,43.35,44.72,43.18,44.69,259382.0,0.0,1.0,43.35,44.72,43.18,44.69,259382.0
2015-07-21,43.97,44.37,42.71,43.55,250342.0,0.0,1.0,43.97,44.37,42.71,43.55,250342.0
2015-07-20,44.78,44.94,43.5,43.82,196535.0,0.0,1.0,44.78,44.94,43.5,43.82,196535.0
2015-07-17,44.31,44.78,43.7101,44.69,234098.0,0.0,1.0,44.31,44.78,43.7101,44.69,234098.0
2015-07-16,42.93,44.21,42.64,44.13,376595.0,0.0,1.0,42.93,44.21,42.64,44.13,376595.0
2015-07-15,42.27,42.74,41.55,42.45,230566.0,0.0,1.0,42.27,42.74,41.55,42.45,230566.0
2015-07-14,41.78,42.72,41.62,42.11,262710.0,0.0,1.0,41.78,42.72,41.62,42.11,262710.0
2015-07-13,41.81,42.35,41.72,42.1,237710.0,0.0,1.0,41.81,42.35,41.72,42.1,237710.0
2015-07-10,41.27,41.76,40.8301,41.52,248071.0,0.0,1.0,41.27,41.76,40.8301,41.52,248071.0
2015-07-09,42.03,42.15,40.75,40.94,255355.0,0.0,1.0,42.03,42.15,40.75,40.94,255355.0
2015-07-08,41.03,41.88,41.03,41.68,404245.0,0.0,1.0,41.03,41.88,41.03,41.68,404245.0
2015-07-07,41.0,41.67,40.31,41.44,383062.0,0.0,1.0,41.0,41.67,40.31,41.44,383062.0
2015-07-06,40.59,41.26,40.545,41.13,279893.0,0.0,1.0,40.59,41.26,40.545,41.13,279893.0
2015-07-02,40.65,41.27,40.32,40.86,314292.0,0.0,1.0,40.65,41.27,40.32,40.86,314292.0
2015-07-01,40.82,41.28,39.11,40.62,671654.0,0.0,1.0,40.82,41.28,39.11,40.62,671654.0
2015-06-30,39.96,40.36,39.24,39.73,514553.0,0.0,1.0,39.96,40.36,39.24,39.73,514553.0
2015-06-29,38.93,40.95,38.93,39.78,420317.0,0.0,1.0,38.93,40.95,38.93,39.78,420317.0
2015-06-26,39.88,40.37,38.93,39.32,1046696.0,0.0,1.0,39.88,40.37,38.93,39.32,1046696.0
2015-06-25,39.51,40.37,39.0,39.96,333793.0,0.0,1.0,39.51,40.37,39.0,39.96,333793.0
2015-06-24,40.0,40.695,39.06,39.49,387060.0,0.0,1.0,40.0,40.695,39.06,39.49,387060.0
2015-06-23,42.01,42.4799,39.93,40.44,1067443.0,0.0,1.0,42.01,42.4799,39.93,40.44,1067443.0
2015-06-22,42.69,43.61,42.14,42.2,398423.0,0.0,1.0,42.69,43.61,42.14,42.2,398423.0
2015-06-19,42.05,42.98,41.8,42.34,765799.0,0.0,1.0,42.05,42.98,41.8,42.34,765799.0
2015-06-18,40.44,41.089,40.2,40.93,270506.0,0.0,1.0,40.44,41.089,40.2,40.93,270506.0
2015-06-17,39.43,40.24,39.17,40.17,284963.0,0.0,1.0,39.43,40.24,39.17,40.17,284963.0
2015-06-16,37.83,39.655,37.83,39.18,260349.0,0.0,1.0,37.83,39.655,37.83,39.18,260349.0
2015-06-15,38.11,38.35,37.62,37.98,285147.0,0.0,1.0,38.11,38.35,37.62,37.98,285147.0
2015-06-12,37.31,38.42,37.22,38.23,280782.0,0.0,1.0,37.31,38.42,37.22,38.23,280782.0
2015-06-11,37.16,37.62,36.944,37.5,398731.0,0.0,1.0,37.16,37.62,36.944,37.5,398731.0
2015-06-10,36.68,37.69,36.51,37.4,319021.0,0.0,1.0,36.68,37.69,36.51,37.4,319021.0
2015-06-09,35.7,37.63,35.69,36.11,919790.0,0.0,1.0,35.7,37.63,35.69,36.11,919790.0
2015-06-08,34.22,35.32,33.63,34.64,298677.0,0.0,1.0,34.22,35.32,33.63,34.64,298677.0
2015-06-05,33.16,34.2799,33.159,34.14,218918.0,0.0,1.0,33.16,34.2799,33.159,34.14,218918.0
2015-06-04,32.82,33.38,32.62,33.3,196753.0,0.0,1.0,32.82,33.38,32.62,33.3,196753.0
2015-06-03,32.73,33.1,31.94,33.04,248778.0,0.0,1.0,32.73,33.1,31.94,33.04,248778.0
2015-06-02,31.86,32.98,31.8,32.56,221861.0,0.0,1.0,31.86,32.98,31.8,32.56,221861.0
2015-06-01,31.14,32.45,31.11,32.05,304580.0,0.0,1.0,31.14,32.45,31.11,32.05,304580.0
2015-05-29,31.19,31.37,30.08,31.02,496145.0,0.0,1.0,31.19,31.37,30.08,31.02,496145.0
2015-05-28,31.67,31.98,31.1319,31.83,189405.0,0.0,1.0,31.67,31.98,31.1319,31.83,189405.0
2015-05-27,29.95,31.74,29.87,31.67,674388.0,0.0,1.0,29.95,31.74,29.87,31.67,674388.0
2015-05-26,28.74,29.61,28.71,29.13,177356.0,0.0,1.0,28.74,29.61,28.71,29.13,177356.0
2015-05-22,28.93,29.38,28.7,28.98,195019.0,0.0,1.0,28.93,29.38,28.7,28.98,195019.0
2015-05-21,29.2,29.35,28.92,28.99,99892.0,0.0,1.0,29.2,29.35,28.92,28.99,99892.0
2015-05-20,29.01,29.42,28.7368,29.25,145324.0,0.0,1.0,29.01,29.42,28.7368,29.25,145324.0
2015-05-19,28.73,29.2,28.56,28.85,167963.0,0.0,1.0,28.73,29.2,28.56,28.85,167963.0
2015-05-18,28.4,28.98,28.32,28.79,151115.0,0.0,1.0,28.4,28.98,28.32,28.79,151115.0
2015-05-15,28.41,28.73,28.39,28.49,118439.0,0.0,1.0,28.41,28.73,28.39,28.49,118439.0
2015-05-14,28.18,28.61,27.81,28.53,143302.0,0.0,1.0,28.18,28.61,27.81,28.53,143302.0
2015-05-13,28.33,28.56,28.01,28.03,165229.0,0.0,1.0,28.33,28.56,28.01,28.03,165229.0
2015-05-12,28.26,28.58,27.67,28.3,193198.0,0.0,1.0,28.26,28.58,27.67,28.3,193198.0
2015-05-11,28.05,28.73,28.05,28.44,167115.0,0.0,1.0,28.05,28.73,28.05,28.44,167115.0
2015-05-08,28.07,28.31,27.87,27.99,175373.0,0.0,1.0,28.07,28.31,27.87,27.99,175373.0
2015-05-07,27.64,28.1465,27.37,27.78,290668.0,0.0,1.0,27.64,28.1465,27.37,27.78,290668.0
2015-05-06,27.86,28.09,27.4,27.79,244294.0,0.0,1.0,27.86,28.09,27.4,27.79,244294.0
2015-05-05,27.47,28.63,27.0,27.9,325050.0,0.0,1.0,27.47,28.63,27.0,27.9,325050.0
2015-05-04,26.05,27.92,26.05,27.68,338891.0,0.0,1.0,26.05,27.92,26.05,27.68,338891.0
2015-05-01,28.18,28.18,27.02,27.35,210874.0,0.0,1.0,28.18,28.18,27.02,27.35,210874.0
2015-04-30,27.79,29.18,27.75,27.81,421045.0,0.0,1.0,27.79,29.18,27.75,27.81,421045.0
2015-04-29,28.29,28.87,27.4,27.86,436758.0,0.0,1.0,28.29,28.87,27.4,27.86,436758.0
2015-04-28,25.32,26.38,24.81,26.23,165301.0,0.0,1.0,25.32,26.38,24.81,26.23,165301.0
2015-04-27,26.95,27.19,25.14,25.42,186358.0,0.0,1.0,26.95,27.19,25.14,25.42,186358.0
2015-04-24,26.9,27.19,26.64,26.82,113127.0,0.0,1.0,26.9,27.19,26.64,26.82,113127.0
2015-04-23,25.92,26.99,25.91,26.82,156259.0,0.0,1.0,25.92,26.99,25.91,26.82,156259.0
2015-04-22,25.96,26.23,25.48,26.07,83108.0,0.0,1.0,25.96,26.23,25.48,26.07,83108.0
2015-04-21,26.01,26.28,25.9,26.04,125122.0,0.0,1.0,26.01,26.28,25.9,26.04,125122.0
2015-04-20,25.45,26.23,25.44,25.89,153859.0,0.0,1.0,25.45,26.23,25.44,25.89,153859.0
2015-04-17,25.65,25.89,25.37,25.43,117277.0,0.0,1.0,25.65,25.89,25.37,25.43,117277.0
2015-04-16,25.96,26.17,25.68,25.85,94706.0,0.0,1.0,25.96,26.17,25.68,25.85,94706.0
2015-04-15,26.17,26.39,26.08,26.11,104047.0,0.0,1.0,26.17,26.39,26.08,26.11,104047.0
2015-04-14,26.42,26.5795,26.0,26.14,119167.0,0.0,1.0,26.42,26.5795,26.0,26.14,119167.0
2015-04-13,26.3,26.87,26.3,26.47,104371.0,0.0,1.0,26.3,26.87,26.3,26.47,104371.0
2015-04-10,26.45,26.66,26.28,26.38,90862.0,0.0,1.0,26.45,26.66,26.28,26.38,90862.0
2015-04-09,26.14,26.46,25.9772,26.36,155989.0,0.0,1.0,26.14,26.46,25.9772,26.36,155989.0
2015-04-08,26.31,26.67,25.93,26.14,294195.0,0.0,1.0,26.31,26.67,25.93,26.14,294195.0
2015-04-07,26.77,27.06,26.325,26.43,121849.0,0.0,1.0,26.77,27.06,26.325,26.43,121849.0
2015-04-06,26.81,27.14,26.54,26.8,163741.0,0.0,1.0,26.81,27.14,26.54,26.8,163741.0
2015-04-02,27.52,27.9,26.96,27.21,114251.0,0.0,1.0,27.52,27.9,26.96,27.21,114251.0
2015-04-01,26.74,27.48,26.6872,27.45,212985.0,0.0,1.0,26.74,27.48,26.6872,27.45,212985.0
2015-03-31,26.67,27.02,26.56,26.78,316860.0,0.0,1.0,26.67,27.02,26.56,26.78,316860.0
2015-03-30,26.88,27.0,26.56,26.79,130786.0,0.0,1.0,26.88,27.0,26.56,26.79,130786.0
2015-03-27,26.63,27.0499,26.4,26.68,172507.0,0.0,1.0,26.63,27.0499,26.4,26.68,172507.0
2015-03-26,26.96,27.05,26.495,26.58,151784.0,0.0,1.0,26.96,27.05,26.495,26.58,151784.0
2015-03-25,27.72,28.01,26.93,27.0,134065.0,0.0,1.0,27.72,28.01,26.93,27.0,134065.0
2015-03-24,27.68,27.82,27.31,27.65,136144.0,0.0,1.0,27.68,27.82,27.31,27.65,136144.0
2015-03-23,26.75,27.845,26.75,27.76,250434.0,0.0,1.0,26.75,27.845,26.75,27.76,250434.0
2015-03-20,27.19,27.38,26.7,26.74,462834.0,0.0,1.0,27.19,27.38,26.7,26.74,462834.0
2015-03-19,26.87,27.19,26.7,26.99,162708.0,0.0,1.0,26.87,27.19,26.7,26.99,162708.0
2015-03-18,27.16,27.47,26.16,26.99,374329.0,0.0,1.0,27.16,27.47,26.16,26.99,374329.0
2015-03-17,27.36,27.52,26.92,27.19,195817.0,0.0,1.0,27.36,27.52,26.92,27.19,195817.0
2015-03-16,27.29,28.0025,27.29,27.5,175351.0,0.0,1.0,27.29,28.0025,27.29,27.5,175351.0
2015-03-13,27.23,27.76,26.83,27.16,226270.0,0.0,1.0,27.23,27.76,26.83,27.16,226270.0
2015-03-12,27.38,27.69,27.02,27.325,274516.0,0.0,1.0,27.38,27.69,27.02,27.325,274516.0
2015-03-11,27.72,27.98,27.22,27.31,172068.0,0.0,1.0,27.72,27.98,27.22,27.31,172068.0
2015-03-10,27.05,27.98,26.86,27.63,202111.0,0.0,1.0,27.05,27.98,26.86,27.63,202111.0
2015-03-09,27.58,27.8,26.74,27.43,295149.0,0.0,1.0,27.58,27.8,26.74,27.43,295149.0
2015-03-06,28.05,28.64,27.58,27.62,240600.0,0.0,1.0,28.05,28.64,27.58,27.62,240600.0
2015-03-05,29.61,29.868000000000002,25.83,28.35,1103484.0,0.0,1.0,29.61,29.868000000000002,25.83,28.35,1103484.0
2015-03-04,29.31,30.328000000000003,27.9647,29.43,457397.0,0.0,1.0,29.31,30.328000000000003,27.9647,29.43,457397.0
2015-03-03,30.92,31.14,29.5,29.96,233890.0,0.0,1.0,30.92,31.14,29.5,29.96,233890.0
2015-03-02,30.24,31.2,30.2,30.89,182802.0,0.0,1.0,30.24,31.2,30.2,30.89,182802.0
2015-02-27,30.99,31.266,30.09,30.17,257078.0,0.0,1.0,30.99,31.266,30.09,30.17,257078.0
2015-02-26,29.61,30.94,29.58,30.9,291586.0,0.0,1.0,29.61,30.94,29.58,30.9,291586.0
2015-02-25,28.72,29.66,28.25,29.61,255273.0,0.0,1.0,28.72,29.66,28.25,29.61,255273.0
2015-02-24,29.29,29.445,28.55,28.77,133541.0,0.0,1.0,29.29,29.445,28.55,28.77,133541.0
2015-02-23,28.52,29.35,28.3601,29.17,149341.0,0.0,1.0,28.52,29.35,28.3601,29.17,149341.0
2015-02-20,28.56,28.86,28.35,28.69,153844.0,0.0,1.0,28.56,28.86,28.35,28.69,153844.0
2015-02-19,28.94,29.14,28.46,28.51,76246.0,0.0,1.0,28.94,29.14,28.46,28.51,76246.0
2015-02-18,28.39,29.0,28.21,28.94,108886.0,0.0,1.0,28.39,29.0,28.21,28.94,108886.0
2015-02-17,28.72,28.95,28.29,28.52,110947.0,0.0,1.0,28.72,28.95,28.29,28.52,110947.0
2015-02-13,28.39,28.76,27.91,28.62,179139.0,0.0,1.0,28.39,28.76,27.91,28.62,179139.0
2015-02-12,28.95,29.4,28.35,28.46,150571.0,0.0,1.0,28.95,29.4,28.35,28.46,150571.0
2015-02-11,28.5,29.28,28.29,28.89,127404.0,0.0,1.0,28.5,29.28,28.29,28.89,127404.0
2015-02-10,28.37,28.72,28.17,28.51,163937.0,0.0,1.0,28.37,28.72,28.17,28.51,163937.0
2015-02-09,28.1,28.63,28.0,28.27,144178.0,0.0,1.0,28.1,28.63,28.0,28.27,144178.0
2015-02-06,28.38,28.66,28.04,28.3,149468.0,0.0,1.0,28.38,28.66,28.04,28.3,149468.0
2015-02-05,27.99,28.47,27.94,28.31,131452.0,0.0,1.0,27.99,28.47,27.94,28.31,131452.0
2015-02-04,27.7,28.2,27.44,27.96,159454.0,0.0,1.0,27.7,28.2,27.44,27.96,159454.0
2015-02-03,27.9,28.26,27.61,27.76,150550.0,0.0,1.0,27.9,28.26,27.61,27.76,150550.0
2015-02-02,28.34,28.34,27.52,27.92,192741.0,0.0,1.0,28.34,28.34,27.52,27.92,192741.0
2015-01-30,28.62,28.86,28.1,28.18,376182.0,0.0,1.0,28.62,28.86,28.1,28.18,376182.0
2015-01-29,29.0,29.07,28.02,28.86,216527.0,0.0,1.0,29.0,29.07,28.02,28.86,216527.0
2015-01-28,29.16,30.02,28.86,29.06,242498.0,0.0,1.0,29.16,30.02,28.86,29.06,242498.0
2015-01-27,28.8,29.15,28.59,29.0,122578.0,0.0,1.0,28.8,29.15,28.59,29.0,122578.0
2015-01-26,28.75,29.06,28.57,29.05,119978.0,0.0,1.0,28.75,29.06,28.57,29.05,119978.0
2015-01-23,28.99,29.17,28.42,28.68,127247.0,0.0,1.0,28.99,29.17,28.42,28.68,127247.0
2015-01-22,28.21,29.08,27.91,28.99,156140.0,0.0,1.0,28.21,29.08,27.91,28.99,156140.0
2015-01-21,28.0,28.3899,27.68,27.95,183001.0,0.0,1.0,28.0,28.3899,27.68,27.95,183001.0
2015-01-20,28.26,28.42,27.99,28.14,202259.0,0.0,1.0,28.26,28.42,27.99,28.14,202259.0
2015-01-16,27.63,28.34,27.46,28.26,148930.0,0.0,1.0,27.63,28.34,27.46,28.26,148930.0
2015-01-15,28.74,28.99,27.37,27.735,225730.0,0.0,1.0,28.74,28.99,27.37,27.735,225730.0
2015-01-14,27.48,28.615,27.14,28.57,221536.0,0.0,1.0,27.48,28.615,27.14,28.57,221536.0
2015-01-13,28.22,28.58,27.51,27.88,269681.0,0.0,1.0,28.22,28.58,27.51,27.88,269681.0
2015-01-12,27.95,28.48,27.82,27.96,156865.0,0.0,1.0,27.95,28.48,27.82,27.96,156865.0
2015-01-09,28.52,29.04,28.03,28.11,229668.0,0.0,1.0,28.52,29.04,28.03,28.11,229668.0
2015-01-08,27.86,28.46,27.72,28.41,318879.0,0.0,1.0,27.86,28.46,27.72,28.41,318879.0
2015-01-07,27.71,27.84,27.17,27.6,191077.0,0.0,1.0,27.71,27.84,27.17,27.6,191077.0
2015-01-06,28.06,28.34,27.111,27.56,245562.0,0.0,1.0,28.06,28.34,27.111,27.56,245562.0
2015-01-05,28.81,28.81,27.76,28.04,319299.0,0.0,1.0,28.81,28.81,27.76,28.04,319299.0
2015-01-02,29.41,29.99,28.46,28.94,182571.0,0.0,1.0,29.41,29.99,28.46,28.94,182571.0
2014-12-31,30.17,30.479,29.25,29.35,325771.0,0.0,1.0,30.17,30.479,29.25,29.35,325771.0
2014-12-30,29.62,30.19,29.52,30.07,203721.0,0.0,1.0,29.62,30.19,29.52,30.07,203721.0
2014-12-29,29.45,29.88,29.43,29.62,190893.0,0.0,1.0,29.45,29.88,29.43,29.62,190893.0
2014-12-26,29.07,29.83,29.07,29.54,191129.0,0.0,1.0,29.07,29.83,29.07,29.54,191129.0
2014-12-24,29.14,29.14,28.96,28.97,142438.0,0.0,1.0,29.14,29.14,28.96,28.97,142438.0
2014-12-23,29.06,29.16,28.59,29.05,257546.0,0.0,1.0,29.06,29.16,28.59,29.05,257546.0
2014-12-22,27.86,29.15,27.38,28.95,453944.0,0.0,1.0,27.86,29.15,27.38,28.95,453944.0
2014-12-19,27.85,28.6,27.4418,27.91,775712.0,0.0,1.0,27.85,28.6,27.4418,27.91,775712.0
2014-12-18,28.0,28.48,27.68,27.88,213266.0,0.0,1.0,28.0,28.48,27.68,27.88,213266.0
2014-12-17,26.59,27.7,26.21,27.67,241750.0,0.0,1.0,26.59,27.7,26.21,27.67,241750.0
2014-12-16,26.58,27.19,26.34,26.65,204207.0,0.0,1.0,26.58,27.19,26.34,26.65,204207.0
2014-12-15,26.87,27.39,26.12,26.56,265712.0,0.0,1.0,26.87,27.39,26.12,26.56,265712.0
2014-12-12,26.83,27.415,26.56,26.81,288581.0,0.0,1.0,26.83,27.415,26.56,26.81,288581.0
2014-12-11,26.92,27.85,26.92,27.13,275650.0,0.0,1.0,26.92,27.85,26.92,27.13,275650.0
2014-12-10,27.05,27.29,26.48,26.84,372456.0,0.0,1.0,27.05,27.29,26.48,26.84,372456.0
2014-12-09,25.96,27.12,25.662,27.12,334402.0,0.0,1.0,25.96,27.12,25.662,27.12,334402.0
2014-12-08,26.08,27.07,25.7742,26.17,275629.0,0.0,1.0,26.08,27.07,25.7742,26.17,275629.0
2014-12-05,25.99,26.68,25.99,26.19,194412.0,0.0,1.0,25.99,26.68,25.99,26.19,194412.0
2014-12-04,26.26,26.34,25.78,25.96,265023.0,0.0,1.0,26.26,26.34,25.78,25.96,265023.0
2014-12-03,26.09,26.71,25.85,26.41,265348.0,0.0,1.0,26.09,26.71,25.85,26.41,265348.0
2014-12-02,25.98,26.31,25.71,26.11,307348.0,0.0,1.0,25.98,26.31,25.71,26.11,307348.0
2014-12-01,26.09,26.15,25.57,25.61,305691.0,0.0,1.0,26.09,26.15,25.57,25.61,305691.0
2014-11-28,25.82,26.245,25.38,25.42,79915.0,0.0,1.0,25.82,26.245,25.38,25.42,79915.0
2014-11-26,26.14,26.18,25.53,25.79,149961.0,0.0,1.0,26.14,26.18,25.53,25.79,149961.0
2014-11-25,26.17,26.54,25.82,26.1,231942.0,0.0,1.0,26.17,26.54,25.82,26.1,231942.0
2014-11-24,25.33,26.29,25.33,26.04,295198.0,0.0,1.0,25.33,26.29,25.33,26.04,295198.0
2014-11-21,25.88,25.96,24.9101,25.345,233595.0,0.0,1.0,25.88,25.96,24.9101,25.345,233595.0
2014-11-20,24.83,25.63,24.75,25.61,157264.0,0.0,1.0,24.83,25.63,24.75,25.61,157264.0
2014-11-19,25.08,25.3,24.71,24.89,150767.0,0.0,1.0,25.08,25.3,24.71,24.89,150767.0
2014-11-18,24.91,25.41,24.82,25.06,152940.0,0.0,1.0,24.91,25.41,24.82,25.06,152940.0
2014-11-17,25.25,25.5,24.74,24.81,187267.0,0.0,1.0,25.25,25.5,24.74,24.81,187267.0
2014-11-14,25.11,25.42,24.85,25.25,196814.0,0.0,1.0,25.11,25.42,24.85,25.25,196814.0
2014-11-13,25.17,25.71,24.82,25.09,193999.0,0.0,1.0,25.17,25.71,24.82,25.09,193999.0
2014-11-12,24.8,25.27,24.67,25.11,257352.0,0.0,1.0,24.8,25.27,24.67,25.11,257352.0
2014-11-11,25.07,25.37,24.81,24.95,227983.0,0.0,1.0,25.07,25.37,24.81,24.95,227983.0
2014-11-10,24.85,25.33,24.74,25.14,246918.0,0.0,1.0,24.85,25.33,24.74,25.14,246918.0
2014-11-07,25.12,25.74,24.615,24.79,406240.0,0.0,1.0,25.12,25.74,24.615,24.79,406240.0
2014-11-06,25.51,25.81,25.0,25.17,455994.0,0.0,1.0,25.51,25.81,25.0,25.17,455994.0
2014-11-05,26.65,26.73,25.18,25.54,548072.0,0.0,1.0,26.65,26.73,25.18,25.54,548072.0
2014-11-04,25.85,26.57,25.6,26.5,413522.0,0.0,1.0,25.85,26.57,25.6,26.5,413522.0
2014-11-03,26.03,26.28,25.47,25.81,544459.0,0.0,1.0,26.03,26.28,25.47,25.81,544459.0
2014-10-31,25.8,26.34,25.33,26.1,784706.0,0.0,1.0,25.8,26.34,25.33,26.1,784706.0
2014-10-30,25.2,25.91,24.94,25.28,1109867.0,0.0,1.0,25.2,25.91,24.94,25.28,1109867.0
2014-10-29,24.18,26.0,23.951,25.22,1609601.0,0.0,1.0,24.18,26.0,23.951,25.22,1609601.0
2014-10-28,21.7,22.0,21.26,21.76,359704.0,0.0,1.0,21.7,22.0,21.26,21.76,359704.0
2014-10-27,21.74,21.74,21.07,21.48,231878.0,0.0,1.0,21.74,21.74,21.07,21.48,231878.0
2014-10-24,21.95,21.99,21.16,21.8,223011.0,0.0,1.0,21.95,21.99,21.16,21.8,223011.0
2014-10-23,21.77,22.2,21.61,21.94,298867.0,0.0,1.0,21.77,22.2,21.61,21.94,298867.0
2014-10-22,21.51,22.06,21.45,21.58,308031.0,0.0,1.0,21.51,22.06,21.45,21.58,308031.0
2014-10-21,21.72,21.75,21.16,21.51,201060.0,0.0,1.0,21.72,21.75,21.16,21.51,201060.0
2014-10-20,20.63,21.58,20.6,21.58,255784.0,0.0,1.0,20.63,21.58,20.6,21.58,255784.0
2014-10-17,21.05,21.36,20.67,20.7,237690.0,0.0,1.0,21.05,21.36,20.67,20.7,237690.0
2014-10-16,20.4,21.08,20.4,20.77,261350.0,0.0,1.0,20.4,21.08,20.4,20.77,261350.0
2014-10-15,19.91,20.88,19.39,20.76,287863.0,0.0,1.0,19.91,20.88,19.39,20.76,287863.0
2014-10-14,20.7,20.98,20.17,20.21,235017.0,0.0,1.0,20.7,20.98,20.17,20.21,235017.0
2014-10-13,20.12,20.98,19.87,20.46,280645.0,0.0,1.0,20.12,20.98,19.87,20.46,280645.0
2014-10-10,19.99,20.79,19.99,20.15,197098.0,0.0,1.0,19.99,20.79,19.99,20.15,197098.0
2014-10-09,20.6,20.82,19.99,20.08,299856.0,0.0,1.0,20.6,20.82,19.99,20.08,299856.0
2014-10-08,19.58,20.51,19.34,20.49,311745.0,0.0,1.0,19.58,20.51,19.34,20.49,311745.0
2014-10-07,19.69,20.11,19.57,19.59,166621.0,0.0,1.0,19.69,20.11,19.57,19.59,166621.0
2014-10-06,20.35,20.35,19.54,19.87,259494.0,0.0,1.0,20.35,20.35,19.54,19.87,259494.0
2014-10-03,20.3,20.43,20.0247,20.32,159584.0,0.0,1.0,20.3,20.43,20.0247,20.32,159584.0
2014-10-02,19.57,20.16,19.03,20.12,253609.0,0.0,1.0,19.57,20.16,19.03,20.12,253609.0
2014-10-01,20.1,20.1,19.455,19.57,406387.0,0.0,1.0,20.1,20.1,19.455,19.57,406387.0
2014-09-30,20.49,20.75,20.1,20.17,363747.0,0.0,1.0,20.49,20.75,20.1,20.17,363747.0
2014-09-29,20.41,20.7795,20.165,20.48,223591.0,0.0,1.0,20.41,20.7795,20.165,20.48,223591.0
2014-09-26,20.51,20.92,20.2,20.6,315586.0,0.0,1.0,20.51,20.92,20.2,20.6,315586.0
2014-09-25,21.21,21.36,20.26,20.49,221372.0,0.0,1.0,21.21,21.36,20.26,20.49,221372.0
2014-09-24,20.32,21.39,19.92,21.17,536878.0,0.0,1.0,20.32,21.39,19.92,21.17,536878.0
2014-09-23,20.29,20.51,20.1,20.2,231600.0,0.0,1.0,20.29,20.51,20.1,20.2,231600.0
2014-09-22,20.26,20.48,19.98,20.41,297600.0,0.0,1.0,20.26,20.48,19.98,20.41,297600.0
2014-09-19,20.72,20.84,19.903,20.31,427200.0,0.0,1.0,20.72,20.84,19.903,20.31,427200.0
2014-09-18,20.5,20.86,20.1825,20.6,193200.0,0.0,1.0,20.5,20.86,20.1825,20.6,193200.0
2014-09-17,20.41,20.646,20.19,20.34,162200.0,0.0,1.0,20.41,20.646,20.19,20.34,162200.0
2014-09-16,20.36,20.49,20.02,20.32,226900.0,0.0,1.0,20.36,20.49,20.02,20.32,226900.0
2014-09-15,20.48,20.711,20.02,20.43,285100.0,0.0,1.0,20.48,20.711,20.02,20.43,285100.0
2014-09-12,20.72,20.78,20.43,20.54,176400.0,0.0,1.0,20.72,20.78,20.43,20.54,176400.0
2014-09-11,20.59,20.92,20.5,20.78,113300.0,0.0,1.0,20.59,20.92,20.5,20.78,113300.0
2014-09-10,20.38,20.905,20.33,20.7,242300.0,0.0,1.0,20.38,20.905,20.33,20.7,242300.0
2014-09-09,21.0,21.33,20.26,20.32,354800.0,0.0,1.0,21.0,21.33,20.26,20.32,354800.0
2014-09-08,20.4,21.55,20.34,21.08,554300.0,0.0,1.0,20.4,21.55,20.34,21.08,554300.0
2014-09-05,20.2,20.48,20.1,20.39,247600.0,0.0,1.0,20.2,20.48,20.1,20.39,247600.0
2014-09-04,20.53,20.76,20.25,20.27,237900.0,0.0,1.0,20.53,20.76,20.25,20.27,237900.0
2014-09-03,20.79,21.0,20.36,20.48,380300.0,0.0,1.0,20.79,21.0,20.36,20.48,380300.0
2014-09-02,20.96,21.21,20.54,20.74,282700.0,0.0,1.0,20.96,21.21,20.54,20.74,282700.0
2014-08-29,20.88,21.08,20.83,20.92,221700.0,0.0,1.0,20.88,21.08,20.83,20.92,221700.0
2014-08-28,20.76,20.98,20.52,20.76,187700.0,0.0,1.0,20.76,20.98,20.52,20.76,187700.0
2014-08-27,21.06,21.11,20.92,20.94,219100.0,0.0,1.0,21.06,21.11,20.92,20.94,219100.0
2014-08-26,21.09,21.3,20.95,21.08,245600.0,0.0,1.0,21.09,21.3,20.95,21.08,245600.0
2014-08-25,21.32,21.37,20.89,21.09,224700.0,0.0,1.0,21.32,21.37,20.89,21.09,224700.0
2014-08-22,21.13,21.37,20.941999999999997,21.24,167500.0,0.0,1.0,21.13,21.37,20.941999999999997,21.24,167500.0
2014-08-21,21.16,21.43,20.5501,21.17,334700.0,0.0,1.0,21.16,21.43,20.5501,21.17,334700.0
2014-08-20,21.43,21.58,21.0,21.19,239300.0,0.0,1.0,21.43,21.58,21.0,21.19,239300.0
2014-08-19,21.52,21.905,21.46,21.55,381700.0,0.0,1.0,21.52,21.905,21.46,21.55,381700.0
2014-08-18,21.49,21.84,21.3,21.59,260700.0,0.0,1.0,21.49,21.84,21.3,21.59,260700.0
2014-08-15,21.58,21.85,21.1,21.3,471500.0,0.0,1.0,21.58,21.85,21.1,21.3,471500.0
2014-08-14,21.65,21.9,21.0,21.37,434000.0,0.0,1.0,21.65,21.9,21.0,21.37,434000.0
2014-08-13,20.88,21.78,20.49,21.58,706300.0,0.0,1.0,20.88,21.78,20.49,21.58,706300.0
2014-08-12,20.88,21.21,20.6,20.86,329400.0,0.0,1.0,20.88,21.21,20.6,20.86,329400.0
2014-08-11,21.32,21.35,20.75,20.9,353600.0,0.0,1.0,21.32,21.35,20.75,20.9,353600.0
2014-08-08,20.85,21.35,20.54,21.28,466100.0,0.0,1.0,20.85,21.35,20.54,21.28,466100.0
2014-08-07,21.78,22.02,20.7901,20.9,472500.0,0.0,1.0,21.78,22.02,20.7901,20.9,472500.0
2014-08-06,21.61,22.17,21.39,21.78,464500.0,0.0,1.0,21.61,22.17,21.39,21.78,464500.0
2014-08-05,21.46,22.58,21.261,21.78,965800.0,0.0,1.0,21.46,22.58,21.261,21.78,965800.0
2014-08-04,19.51,21.86,19.45,21.63,1199300.0,0.0,1.0,19.51,21.86,19.45,21.63,1199300.0
2014-08-01,20.11,20.31,19.36,19.49,472500.0,0.0,1.0,20.11,20.31,19.36,19.49,472500.0
2014-07-31,19.76,20.35,19.03,20.18,1031400.0,0.0,1.0,19.76,20.35,19.03,20.18,1031400.0
2014-07-30,17.0,20.93,16.51,20.16,2965000.0,0.0,1.0,17.0,20.93,16.51,20.16,2965000.0
2014-07-29,15.86,16.14,15.7,16.07,238600.0,0.0,1.0,15.86,16.14,15.7,16.07,238600.0
2014-07-28,15.86,16.08,15.65,15.84,241700.0,0.0,1.0,15.86,16.08,15.65,15.84,241700.0
2014-07-25,15.97,16.16,15.71,15.88,226900.0,0.0,1.0,15.97,16.16,15.71,15.88,226900.0
2014-07-24,16.05,16.36,15.93,16.12,189800.0,0.0,1.0,16.05,16.36,15.93,16.12,189800.0
2014-07-23,16.42,16.42,15.97,16.05,210400.0,0.0,1.0,16.42,16.42,15.97,16.05,210400.0
2014-07-22,15.78,16.565,15.62,16.41,360200.0,0.0,1.0,15.78,16.565,15.62,16.41,360200.0
2014-07-21,15.89,15.94,15.48,15.72,177600.0,0.0,1.0,15.89,15.94,15.48,15.72,177600.0
2014-07-18,15.78,16.58,15.73,16.02,555800.0,0.0,1.0,15.78,16.58,15.73,16.02,555800.0
2014-07-17,15.73,15.9832,15.5,15.58,271500.0,0.0,1.0,15.73,15.9832,15.5,15.58,271500.0
2014-07-16,15.73,15.91,15.5,15.85,201700.0,0.0,1.0,15.73,15.91,15.5,15.85,201700.0
2014-07-15,15.93,16.15,15.57,15.6,293200.0,0.0,1.0,15.93,16.15,15.57,15.6,293200.0
2014-07-14,15.88,16.02,15.76,15.93,217200.0,0.0,1.0,15.88,16.02,15.76,15.93,217200.0
2014-07-11,15.43,15.85,15.35,15.72,261600.0,0.0,1.0,15.43,15.85,15.35,15.72,261600.0
2014-07-10,15.45,15.735,15.31,15.49,255800.0,0.0,1.0,15.45,15.735,15.31,15.49,255800.0
2014-07-09,16.07,16.07,15.69,15.69,216900.0,0.0,1.0,16.07,16.07,15.69,15.69,216900.0
2014-07-08,16.25,16.66,15.78,15.91,555400.0,0.0,1.0,16.25,16.66,15.78,15.91,555400.0
2014-07-07,16.58,16.7,16.2,16.2,319000.0,0.0,1.0,16.58,16.7,16.2,16.2,319000.0
2014-07-03,16.5,16.73,16.3717,16.69,279600.0,0.0,1.0,16.5,16.73,16.3717,16.69,279600.0
2014-07-02,16.11,16.49,16.07,16.39,645900.0,0.0,1.0,16.11,16.49,16.07,16.39,645900.0
2014-07-01,16.93,17.27,15.97,16.07,1156400.0,0.0,1.0,16.93,17.27,15.97,16.07,1156400.0
2014-06-30,17.61,18.2,16.6201,16.74,1698100.0,0.0,1.0,17.61,18.2,16.6201,16.74,1698100.0
2014-06-27,14.5,17.55,14.46,17.46,5008700.0,0.0,1.0,14.5,17.55,14.46,17.46,5008700.0
2014-06-26,13.41,13.46,13.25,13.45,145400.0,0.0,1.0,13.41,13.46,13.25,13.45,145400.0
2014-06-25,13.25,13.5,13.25,13.39,153900.0,0.0,1.0,13.25,13.5,13.25,13.39,153900.0
2014-06-24,13.59,13.72,13.34,13.35,241400.0,0.0,1.0,13.59,13.72,13.34,13.35,241400.0
2014-06-23,13.79,13.85,13.53,13.62,190100.0,0.0,1.0,13.79,13.85,13.53,13.62,190100.0
2014-06-20,13.43,13.86,13.27,13.83,612400.0,0.0,1.0,13.43,13.86,13.27,13.83,612400.0
2014-06-19,13.47,13.55,13.34,13.43,159100.0,0.0,1.0,13.47,13.55,13.34,13.43,159100.0
2014-06-18,13.52,13.58,13.26,13.4,311800.0,0.0,1.0,13.52,13.58,13.26,13.4,311800.0
2014-06-17,13.65,13.72,13.4375,13.525,221900.0,0.0,1.0,13.65,13.72,13.4375,13.525,221900.0
2014-06-16,13.62,13.76,13.42,13.59,316800.0,0.0,1.0,13.62,13.76,13.42,13.59,316800.0
2014-06-13,13.82,13.83,13.56,13.62,231300.0,0.0,1.0,13.82,13.83,13.56,13.62,231300.0
2014-06-12,13.89,14.005999999999998,13.65,13.77,167300.0,0.0,1.0,13.89,14.005999999999998,13.65,13.77,167300.0
2014-06-11,14.27,14.28,13.845,13.88,176900.0,0.0,1.0,14.27,14.28,13.845,13.88,176900.0
2014-06-10,14.37,14.42,14.1701,14.29,230000.0,0.0,1.0,14.37,14.42,14.1701,14.29,230000.0
2014-06-09,14.24,14.68,14.095,14.47,236300.0,0.0,1.0,14.24,14.68,14.095,14.47,236300.0
2014-06-06,14.27,14.44,14.18,14.27,164200.0,0.0,1.0,14.27,14.44,14.18,14.27,164200.0
2014-06-05,13.87,14.25,13.67,14.19,330700.0,0.0,1.0,13.87,14.25,13.67,14.19,330700.0
2014-06-04,13.97,13.97,13.8024,13.88,194100.0,0.0,1.0,13.97,13.97,13.8024,13.88,194100.0
2014-06-03,13.92,14.15,13.77,14.01,319100.0,0.0,1.0,13.92,14.15,13.77,14.01,319100.0
2014-06-02,14.51,14.57,13.78,14.01,511800.0,0.0,1.0,14.51,14.57,13.78,14.01,511800.0
2014-05-30,14.7,14.7,14.37,14.55,206900.0,0.0,1.0,14.7,14.7,14.37,14.55,206900.0
2014-05-29,14.66,14.78,14.54,14.66,97800.0,0.0,1.0,14.66,14.78,14.54,14.66,97800.0
2014-05-28,14.89,14.93,14.57,14.64,180100.0,0.0,1.0,14.89,14.93,14.57,14.64,180100.0
2014-05-27,14.8,15.14,14.584000000000001,14.95,230700.0,0.0,1.0,14.8,15.14,14.584000000000001,14.95,230700.0
2014-05-23,14.5,14.74,14.44,14.72,111200.0,0.0,1.0,14.5,14.74,14.44,14.72,111200.0
2014-05-22,14.17,14.59,14.1415,14.56,177500.0,0.0,1.0,14.17,14.59,14.1415,14.56,177500.0
2014-05-21,14.35,14.47,14.05,14.19,167600.0,0.0,1.0,14.35,14.47,14.05,14.19,167600.0
2014-05-20,14.74,14.74,14.25,14.32,370800.0,0.0,1.0,14.74,14.74,14.25,14.32,370800.0
2014-05-19,14.74,14.93,14.475,14.81,177800.0,0.0,1.0,14.74,14.93,14.475,14.81,177800.0
2014-05-16,14.94,14.94,14.54,14.83,409400.0,0.0,1.0,14.94,14.94,14.54,14.83,409400.0
2014-05-15,14.6,15.15,14.304,14.97,937100.0,0.0,1.0,14.6,15.15,14.304,14.97,937100.0
2014-05-14,14.39,14.39,13.95,14.0,188700.0,0.0,1.0,14.39,14.39,13.95,14.0,188700.0
2014-05-13,14.51,14.68,14.38,14.4,291000.0,0.0,1.0,14.51,14.68,14.38,14.4,291000.0
2014-05-12,13.53,14.75,13.53,14.5,689300.0,0.0,1.0,13.53,14.75,13.53,14.5,689300.0
2014-05-09,13.36,13.58,13.21,13.36,291400.0,0.0,1.0,13.36,13.58,13.21,13.36,291400.0
2014-05-08,12.92,14.5,12.86,13.36,980100.0,0.0,1.0,12.92,14.5,12.86,13.36,980100.0
2014-05-07,13.53,13.65,13.23,13.5,606700.0,0.0,1.0,13.53,13.65,13.23,13.5,606700.0
2014-05-06,13.82,14.09,13.51,13.51,234200.0,0.0,1.0,13.82,14.09,13.51,13.51,234200.0
2014-05-05,13.66,14.34,13.52,13.93,417500.0,0.0,1.0,13.66,14.34,13.52,13.93,417500.0
2014-05-02,13.53,13.83,13.47,13.52,285800.0,0.0,1.0,13.53,13.83,13.47,13.52,285800.0
2014-05-01,13.62,13.89,13.2,13.46,332700.0,0.0,1.0,13.62,13.89,13.2,13.46,332700.0
2014-04-30,13.45,13.81,13.37,13.63,426600.0,0.0,1.0,13.45,13.81,13.37,13.63,426600.0
2014-04-29,13.17,13.57,13.1,13.45,333700.0,0.0,1.0,13.17,13.57,13.1,13.45,333700.0
2014-04-28,13.78,13.874,13.12,13.14,351600.0,0.0,1.0,13.78,13.874,13.12,13.14,351600.0
2014-04-25,13.75,13.95,13.636,13.75,207500.0,0.0,1.0,13.75,13.95,13.636,13.75,207500.0
2014-04-24,13.87,14.1,13.63,13.75,207100.0,0.0,1.0,13.87,14.1,13.63,13.75,207100.0
2014-04-23,14.11,14.59,13.78,13.82,574400.0,0.0,1.0,14.11,14.59,13.78,13.82,574400.0
2014-04-22,14.06,14.27,13.99,14.14,293500.0,0.0,1.0,14.06,14.27,13.99,14.14,293500.0
2014-04-21,13.81,14.25,13.81,14.04,189400.0,0.0,1.0,13.81,14.25,13.81,14.04,189400.0
2014-04-17,13.75,13.89,13.61,13.78,219100.0,0.0,1.0,13.75,13.89,13.61,13.78,219100.0
2014-04-16,13.78,13.88,13.58,13.75,242300.0,0.0,1.0,13.78,13.88,13.58,13.75,242300.0
2014-04-15,13.74,13.86,13.53,13.69,280200.0,0.0,1.0,13.74,13.86,13.53,13.69,280200.0
2014-04-14,14.02,14.09,13.56,13.74,197900.0,0.0,1.0,14.02,14.09,13.56,13.74,197900.0
2014-04-11,14.01,14.315,13.76,13.9,239000.0,0.0,1.0,14.01,14.315,13.76,13.9,239000.0
2014-04-10,14.69,14.78,14.09,14.18,218700.0,0.0,1.0,14.69,14.78,14.09,14.18,218700.0
2014-04-09,14.56,14.7799,14.31,14.74,231100.0,0.0,1.0,14.56,14.7799,14.31,14.74,231100.0
2014-04-08,14.48,14.69,14.23,14.5,337500.0,0.0,1.0,14.48,14.69,14.23,14.5,337500.0
2014-04-07,14.65,14.7,14.21,14.5,365500.0,0.0,1.0,14.65,14.7,14.21,14.5,365500.0
2014-04-04,15.42,15.47,14.61,14.75,246400.0,0.0,1.0,15.42,15.47,14.61,14.75,246400.0
2014-04-03,15.62,15.66,15.16,15.34,287100.0,0.0,1.0,15.62,15.66,15.16,15.34,287100.0
2014-04-02,15.49,15.81,15.3,15.7,286500.0,0.0,1.0,15.49,15.81,15.3,15.7,286500.0
2014-04-01,14.95,15.54,14.95,15.5,409200.0,0.0,1.0,14.95,15.54,14.95,15.5,409200.0
2014-03-31,14.76,15.11,14.67,14.89,218700.0,0.0,1.0,14.76,15.11,14.67,14.89,218700.0
2014-03-28,14.72,15.375,14.71,14.73,358600.0,0.0,1.0,14.72,15.375,14.71,14.73,358600.0
2014-03-27,14.72,14.9,14.4,14.71,249100.0,0.0,1.0,14.72,14.9,14.4,14.71,249100.0
2014-03-26,15.0,15.2799,14.69,14.69,320800.0,0.0,1.0,15.0,15.2799,14.69,14.69,320800.0
2014-03-25,14.93,15.15,14.66,14.9,230100.0,0.0,1.0,14.93,15.15,14.66,14.9,230100.0
2014-03-24,14.95,15.1,14.74,14.82,394900.0,0.0,1.0,14.95,15.1,14.74,14.82,394900.0
2014-03-21,14.99,15.1586,14.83,14.92,545800.0,0.0,1.0,14.99,15.1586,14.83,14.92,545800.0
2014-03-20,14.82,15.11,14.73,14.9,356000.0,0.0,1.0,14.82,15.11,14.73,14.9,356000.0
2014-03-19,14.56,14.95,14.47,14.89,376400.0,0.0,1.0,14.56,14.95,14.47,14.89,376400.0
2014-03-18,14.21,14.58,14.13,14.55,240500.0,0.0,1.0,14.21,14.58,14.13,14.55,240500.0
2014-03-17,14.49,14.83,14.22,14.22,235900.0,0.0,1.0,14.49,14.83,14.22,14.22,235900.0
2014-03-14,13.99,14.44,13.85,14.41,530900.0,0.0,1.0,13.99,14.44,13.85,14.41,530900.0
2014-03-13,15.26,15.42,14.02,14.09,902000.0,0.0,1.0,15.26,15.42,14.02,14.09,902000.0
2014-03-12,14.52,16.08,14.505,15.42,647300.0,0.0,1.0,14.52,16.08,14.505,15.42,647300.0
2014-03-11,15.39,16.16,14.47,15.66,475100.0,0.0,1.0,15.39,16.16,14.47,15.66,475100.0
2014-03-10,15.84,16.24,15.8,16.2,267200.0,0.0,1.0,15.84,16.24,15.8,16.2,267200.0
2014-03-07,15.91,16.14,15.43,15.87,224500.0,0.0,1.0,15.91,16.14,15.43,15.87,224500.0
2014-03-06,16.43,16.43,15.77,15.8,371200.0,0.0,1.0,16.43,16.43,15.77,15.8,371200.0
2014-03-05,16.64,16.73,16.27,16.45,190200.0,0.0,1.0,16.64,16.73,16.27,16.45,190200.0
2014-03-04,16.96,17.16,16.62,16.67,331000.0,0.0,1.0,16.96,17.16,16.62,16.67,331000.0
2014-03-03,16.8,17.0,16.42,16.73,190600.0,0.0,1.0,16.8,17.0,16.42,16.73,190600.0
2014-02-28,17.45,17.61,16.92,16.96,301100.0,0.0,1.0,17.45,17.61,16.92,16.96,301100.0
2014-02-27,16.93,17.46,16.74,17.42,196500.0,0.0,1.0,16.93,17.46,16.74,17.42,196500.0
2014-02-26,16.63,17.24,16.4923,16.96,202500.0,0.0,1.0,16.63,17.24,16.4923,16.96,202500.0
2014-02-25,16.87,16.87,16.436,16.58,151800.0,0.0,1.0,16.87,16.87,16.436,16.58,151800.0
2014-02-24,16.54,17.17,16.43,16.95,376800.0,0.0,1.0,16.54,17.17,16.43,16.95,376800.0
2014-02-21,16.77,17.0,16.39,16.6,212400.0,0.0,1.0,16.77,17.0,16.39,16.6,212400.0
2014-02-20,16.38,16.81,16.19,16.66,165200.0,0.0,1.0,16.38,16.81,16.19,16.66,165200.0
2014-02-19,16.53,16.98,16.27,16.31,313700.0,0.0,1.0,16.53,16.98,16.27,16.31,313700.0
2014-02-18,15.67,17.0,15.62,16.5,533800.0,0.0,1.0,15.67,17.0,15.62,16.5,533800.0
2014-02-14,15.63,15.77,15.48,15.67,123000.0,0.0,1.0,15.63,15.77,15.48,15.67,123000.0
2014-02-13,15.19,15.96,15.19,15.69,302300.0,0.0,1.0,15.19,15.96,15.19,15.69,302300.0
2014-02-12,15.36,15.6,15.17,15.3,176700.0,0.0,1.0,15.36,15.6,15.17,15.3,176700.0
2014-02-11,15.25,15.419,14.95,15.3,132100.0,0.0,1.0,15.25,15.419,14.95,15.3,132100.0
2014-02-10,15.23,15.28,14.81,15.23,154500.0,0.0,1.0,15.23,15.28,14.81,15.23,154500.0
2014-02-07,15.45,15.5,15.0,15.25,182100.0,0.0,1.0,15.45,15.5,15.0,15.25,182100.0
2014-02-06,15.13,15.5,14.98,15.4,329200.0,0.0,1.0,15.13,15.5,14.98,15.4,329200.0
2014-02-05,14.8,15.17,14.4,15.08,321600.0,0.0,1.0,14.8,15.17,14.4,15.08,321600.0
2014-02-04,14.7,15.23,14.66,14.86,272000.0,0.0,1.0,14.7,15.23,14.66,14.86,272000.0
2014-02-03,15.09,15.335,14.46,14.63,247500.0,0.0,1.0,15.09,15.335,14.46,14.63,247500.0
2014-01-31,15.01,15.468,15.01,15.09,213700.0,0.0,1.0,15.01,15.468,15.01,15.09,213700.0
2014-01-30,15.17,15.36,15.14,15.27,161700.0,0.0,1.0,15.17,15.36,15.14,15.27,161700.0
2014-01-29,15.26,15.54,14.95,15.07,205500.0,0.0,1.0,15.26,15.54,14.95,15.07,205500.0
2014-01-28,15.17,15.52,14.98,15.41,253000.0,0.0,1.0,15.17,15.52,14.98,15.41,253000.0
2014-01-27,15.23,15.47,14.89,15.18,302200.0,0.0,1.0,15.23,15.47,14.89,15.18,302200.0
2014-01-24,15.29,15.63,15.07,15.24,238200.0,0.0,1.0,15.29,15.63,15.07,15.24,238200.0
2014-01-23,15.39,15.48,15.23,15.36,167600.0,0.0,1.0,15.39,15.48,15.23,15.36,167600.0
2014-01-22,15.54,15.57,15.32,15.5,177500.0,0.0,1.0,15.54,15.57,15.32,15.5,177500.0
2014-01-21,15.78,15.9,15.4225,15.53,190600.0,0.0,1.0,15.78,15.9,15.4225,15.53,190600.0
2014-01-17,15.29,16.0,15.29,15.64,233900.0,0.0,1.0,15.29,16.0,15.29,15.64,233900.0
2014-01-16,14.88,16.22,14.88,15.36,536300.0,0.0,1.0,14.88,16.22,14.88,15.36,536300.0
2014-01-15,14.5,15.03,14.2,14.88,321500.0,0.0,1.0,14.5,15.03,14.2,14.88,321500.0
2014-01-14,14.62,14.8199,14.44,14.58,247100.0,0.0,1.0,14.62,14.8199,14.44,14.58,247100.0
2014-01-13,14.84,15.2,14.49,14.6,282500.0,0.0,1.0,14.84,15.2,14.49,14.6,282500.0
2014-01-10,14.84,15.14,14.73,14.93,268100.0,0.0,1.0,14.84,15.14,14.73,14.93,268100.0
2014-01-09,14.9,14.91,14.56,14.88,238300.0,0.0,1.0,14.9,14.91,14.56,14.88,238300.0
2014-01-08,14.91,15.13,14.81,14.88,248300.0,0.0,1.0,14.91,15.13,14.81,14.88,248300.0
2014-01-07,14.61,15.16,14.61,14.96,308900.0,0.0,1.0,14.61,15.16,14.61,14.96,308900.0
2014-01-06,14.61,14.79,14.41,14.56,325700.0,0.0,1.0,14.61,14.79,14.41,14.56,325700.0
2014-01-03,14.43,14.61,14.25,14.55,206500.0,0.0,1.0,14.43,14.61,14.25,14.55,206500.0
2014-01-02,14.6,14.6,14.195,14.42,316400.0,0.0,1.0,14.6,14.6,14.195,14.42,316400.0
2013-12-31,14.61,14.93,14.54,14.63,299400.0,0.0,1.0,14.61,14.93,14.54,14.63,299400.0
2013-12-30,14.67,14.8176,14.39,14.61,359400.0,0.0,1.0,14.67,14.8176,14.39,14.61,359400.0
2013-12-27,14.68,14.88,14.53,14.72,183300.0,0.0,1.0,14.68,14.88,14.53,14.72,183300.0
2013-12-26,14.96,15.22,14.66,14.68,213200.0,0.0,1.0,14.96,15.22,14.66,14.68,213200.0
2013-12-24,14.82,15.22,14.65,14.96,160900.0,0.0,1.0,14.82,15.22,14.65,14.96,160900.0
2013-12-23,14.5,14.87,14.21,14.79,459100.0,0.0,1.0,14.5,14.87,14.21,14.79,459100.0
2013-12-20,14.64,14.67,14.24,14.4,750500.0,0.0,1.0,14.64,14.67,14.24,14.4,750500.0
2013-12-19,14.73,14.88,14.48,14.63,340600.0,0.0,1.0,14.73,14.88,14.48,14.63,340600.0
2013-12-18,14.8,14.89,14.39,14.78,332600.0,0.0,1.0,14.8,14.89,14.39,14.78,332600.0
2013-12-17,15.12,15.19,14.62,14.738,467700.0,0.0,1.0,15.12,15.19,14.62,14.738,467700.0
2013-12-16,15.06,15.37,14.87,15.12,439200.0,0.0,1.0,15.06,15.37,14.87,15.12,439200.0
2013-12-13,15.07,15.26,14.82,15.01,302300.0,0.0,1.0,15.07,15.26,14.82,15.01,302300.0
2013-12-12,14.76,15.08,14.735,15.01,422600.0,0.0,1.0,14.76,15.08,14.735,15.01,422600.0
2013-12-11,15.54,15.57,14.61,14.71,542300.0,0.0,1.0,15.54,15.57,14.61,14.71,542300.0
2013-12-10,15.32,15.52,15.01,15.52,501100.0,0.0,1.0,15.32,15.52,15.01,15.52,501100.0
2013-12-09,15.52,15.53,15.26,15.35,445300.0,0.0,1.0,15.52,15.53,15.26,15.35,445300.0
2013-12-06,15.7,15.93,15.45,15.5,408800.0,0.0,1.0,15.7,15.93,15.45,15.5,408800.0
2013-12-05,15.74,15.78,15.49,15.52,406900.0,0.0,1.0,15.74,15.78,15.49,15.52,406900.0
2013-12-04,15.77,15.8725,15.319,15.78,529100.0,0.0,1.0,15.77,15.8725,15.319,15.78,529100.0
2013-12-03,15.9,16.18,15.76,15.83,785700.0,0.0,1.0,15.9,16.18,15.76,15.83,785700.0
2013-12-02,16.25,16.76,15.65,15.97,800300.0,0.0,1.0,16.25,16.76,15.65,15.97,800300.0
2013-11-29,16.61,16.75,16.27,16.28,259900.0,0.0,1.0,16.61,16.75,16.27,16.28,259900.0
2013-11-27,16.03,16.78,16.01,16.5,532100.0,0.0,1.0,16.03,16.78,16.01,16.5,532100.0
2013-11-26,15.97,16.12,15.73,16.05,681500.0,0.0,1.0,15.97,16.12,15.73,16.05,681500.0
2013-11-25,15.62,16.22,15.42,15.92,830000.0,0.0,1.0,15.62,16.22,15.42,15.92,830000.0
2013-11-22,15.85,15.9,15.41,15.56,626400.0,0.0,1.0,15.85,15.9,15.41,15.56,626400.0
2013-11-21,14.4,15.7,14.29,15.61,1448300.0,0.0,1.0,14.4,15.7,14.29,15.61,1448300.0
2013-11-20,14.49,14.77,14.2,14.3,703300.0,0.0,1.0,14.49,14.77,14.2,14.3,703300.0
2013-11-19,14.32,14.62,14.24,14.56,887600.0,0.0,1.0,14.32,14.62,14.24,14.56,887600.0
2013-11-18,14.36,14.45,14.1,14.32,905700.0,0.0,1.0,14.36,14.45,14.1,14.32,905700.0
2013-11-15,14.02,14.74,13.88,14.35,1341300.0,0.0,1.0,14.02,14.74,13.88,14.35,1341300.0
2013-11-14,12.89,13.87,12.63,13.769,831000.0,0.0,1.0,12.89,13.87,12.63,13.769,831000.0
2013-11-13,13.61,13.75,12.6001,12.96,2329000.0,0.0,1.0,13.61,13.75,12.6001,12.96,2329000.0
2013-11-12,15.61,16.05,13.95,14.32,3359600.0,0.0,1.0,15.61,16.05,13.95,14.32,3359600.0
2013-11-11,17.07,17.43,16.955,17.35,499400.0,0.0,1.0,17.07,17.43,16.955,17.35,499400.0
2013-11-08,16.41,17.17,16.27,17.1,267000.0,0.0,1.0,16.41,17.17,16.27,17.1,267000.0
2013-11-07,16.88,17.01,16.31,16.4,300700.0,0.0,1.0,16.88,17.01,16.31,16.4,300700.0
2013-11-06,16.84,16.99,16.66,16.83,187300.0,0.0,1.0,16.84,16.99,16.66,16.83,187300.0
2013-11-05,17.02,17.2,16.59,16.79,320300.0,0.0,1.0,17.02,17.2,16.59,16.79,320300.0
2013-11-04,16.51,17.22,16.51,17.18,374200.0,0.0,1.0,16.51,17.22,16.51,17.18,374200.0
2013-11-01,16.48,16.86,16.06,16.64,469200.0,0.0,1.0,16.48,16.86,16.06,16.64,469200.0
2013-10-31,16.23,16.67,15.97,16.28,487200.0,0.0,1.0,16.23,16.67,15.97,16.28,487200.0
2013-10-30,16.33,16.34,15.89,16.25,402300.0,0.0,1.0,16.33,16.34,15.89,16.25,402300.0
2013-10-29,16.27,16.4497,16.02,16.28,304400.0,0.0,1.0,16.27,16.4497,16.02,16.28,304400.0
2013-10-28,16.72,17.01,16.3,16.45,443000.0,0.0,1.0,16.72,17.01,16.3,16.45,443000.0
2013-10-25,17.42,17.48,16.77,16.91,262200.0,0.0,1.0,17.42,17.48,16.77,16.91,262200.0
2013-10-24,17.43,17.75,17.17,17.46,224200.0,0.0,1.0,17.43,17.75,17.17,17.46,224200.0
2013-10-23,17.41,17.48,16.611,17.28,199000.0,0.0,1.0,17.41,17.48,16.611,17.28,199000.0
2013-10-22,17.33,17.95,17.2,17.54,332700.0,0.0,1.0,17.33,17.95,17.2,17.54,332700.0
2013-10-21,17.38,17.8698,17.0201,17.11,708400.0,0.0,1.0,17.38,17.8698,17.0201,17.11,708400.0
2013-10-18,18.29,18.49,17.87,18.1,193600.0,0.0,1.0,18.29,18.49,17.87,18.1,193600.0
2013-10-17,18.02,18.142,17.72,18.135,196100.0,0.0,1.0,18.02,18.142,17.72,18.135,196100.0
2013-10-16,18.19,18.24,18.01,18.16,185200.0,0.0,1.0,18.19,18.24,18.01,18.16,185200.0
2013-10-15,17.76,18.1,17.56,18.0,218500.0,0.0,1.0,17.76,18.1,17.56,18.0,218500.0
2013-10-14,18.02,18.21,17.63,17.85,309500.0,0.0,1.0,18.02,18.21,17.63,17.85,309500.0
2013-10-11,17.62,18.5,17.51,18.09,528600.0,0.0,1.0,17.62,18.5,17.51,18.09,528600.0
2013-10-10,17.65,18.1,17.285,17.32,613800.0,0.0,1.0,17.65,18.1,17.285,17.32,613800.0
2013-10-09,17.85,18.09,17.34,17.45,291500.0,0.0,1.0,17.85,18.09,17.34,17.45,291500.0
2013-10-08,17.74,18.145,17.55,17.78,221300.0,0.0,1.0,17.74,18.145,17.55,17.78,221300.0
2013-10-07,17.69,18.09,17.68,17.76,237500.0,0.0,1.0,17.69,18.09,17.68,17.76,237500.0
2013-10-04,17.69,17.96,17.55,17.85,195600.0,0.0,1.0,17.69,17.96,17.55,17.85,195600.0
2013-10-03,17.87,17.97,17.46,17.76,195300.0,0.0,1.0,17.87,17.97,17.46,17.76,195300.0
2013-10-02,17.6,17.95,17.44,17.91,220900.0,0.0,1.0,17.6,17.95,17.44,17.91,220900.0
2013-10-01,17.22,17.75,17.19,17.74,238800.0,0.0,1.0,17.22,17.75,17.19,17.74,238800.0
2013-09-30,16.78,17.33,16.68,17.21,253700.0,0.0,1.0,16.78,17.33,16.68,17.21,253700.0
2013-09-27,16.76,17.21,16.76,17.0,151300.0,0.0,1.0,16.76,17.21,16.76,17.0,151300.0
2013-09-26,16.78,17.07,16.62,16.88,422600.0,0.0,1.0,16.78,17.07,16.62,16.88,422600.0
2013-09-25,17.32,17.48,16.78,16.79,303100.0,0.0,1.0,17.32,17.48,16.78,16.79,303100.0
2013-09-24,17.22,17.74,17.09,17.35,168600.0,0.0,1.0,17.22,17.74,17.09,17.35,168600.0
2013-09-23,17.4,17.4,17.02,17.22,271200.0,0.0,1.0,17.4,17.4,17.02,17.22,271200.0
2013-09-20,17.61,17.7,17.33,17.39,388200.0,0.0,1.0,17.61,17.7,17.33,17.39,388200.0
2013-09-19,17.02,17.7,17.0,17.59,236700.0,0.0,1.0,17.02,17.7,17.0,17.59,236700.0
2013-09-18,17.08,17.46,16.75,17.01,219400.0,0.0,1.0,17.08,17.46,16.75,17.01,219400.0
2013-09-17,16.88,17.15,16.7816,17.13,305400.0,0.0,1.0,16.88,17.15,16.7816,17.13,305400.0
2013-09-16,17.36,17.69,16.83,16.91,357000.0,0.0,1.0,17.36,17.69,16.83,16.91,357000.0
2013-09-13,17.17,17.54,17.03,17.21,200200.0,0.0,1.0,17.17,17.54,17.03,17.21,200200.0
2013-09-12,17.05,18.05,17.01,17.11,456800.0,0.0,1.0,17.05,18.05,17.01,17.11,456800.0
2013-09-11,17.2,17.25,16.82,17.06,222100.0,0.0,1.0,17.2,17.25,16.82,17.06,222100.0
2013-09-10,17.13,17.4856,17.12,17.25,316500.0,0.0,1.0,17.13,17.4856,17.12,17.25,316500.0
2013-09-09,16.9,17.2488,16.82,17.07,280900.0,0.0,1.0,16.9,17.2488,16.82,17.07,280900.0
2013-09-06,17.09,17.23,16.56,16.88,351200.0,0.0,1.0,17.09,17.23,16.56,16.88,351200.0
2013-09-05,16.8,17.1942,16.8,17.0,309500.0,0.0,1.0,16.8,17.1942,16.8,17.0,309500.0
2013-09-04,16.55,16.955,16.53,16.83,499500.0,0.0,1.0,16.55,16.955,16.53,16.83,499500.0
2013-09-03,16.58,17.06,16.28,16.52,413800.0,0.0,1.0,16.58,17.06,16.28,16.52,413800.0
2013-08-30,16.6,16.6,16.0378,16.29,391100.0,0.0,1.0,16.6,16.6,16.0378,16.29,391100.0
2013-08-29,16.43,17.035,16.3483,16.64,231400.0,0.0,1.0,16.43,17.035,16.3483,16.64,231400.0
2013-08-28,16.46,16.84,16.41,16.426,324700.0,0.0,1.0,16.46,16.84,16.41,16.426,324700.0
2013-08-27,16.9,17.16,16.245,16.43,339000.0,0.0,1.0,16.9,17.16,16.245,16.43,339000.0
2013-08-26,17.18,17.44,17.06,17.11,279300.0,0.0,1.0,17.18,17.44,17.06,17.11,279300.0
2013-08-23,17.13,17.31,17.0001,17.18,218600.0,0.0,1.0,17.13,17.31,17.0001,17.18,218600.0
2013-08-22,16.94,17.32,16.76,17.12,152700.0,0.0,1.0,16.94,17.32,16.76,17.12,152700.0
2013-08-21,17.16,17.2,16.85,16.88,257700.0,0.0,1.0,17.16,17.2,16.85,16.88,257700.0
2013-08-20,17.17,17.435,17.11,17.21,373300.0,0.0,1.0,17.17,17.435,17.11,17.21,373300.0
2013-08-19,17.25,17.8,17.06,17.18,464500.0,0.0,1.0,17.25,17.8,17.06,17.18,464500.0
2013-08-16,17.6,17.92,17.32,17.33,861400.0,0.0,1.0,17.6,17.92,17.32,17.33,861400.0
2013-08-15,17.4,17.81,17.39,17.58,608300.0,0.0,1.0,17.4,17.81,17.39,17.58,608300.0
2013-08-14,17.68,17.96,17.34,17.58,666800.0,0.0,1.0,17.68,17.96,17.34,17.58,666800.0
2013-08-13,17.56,17.98,17.42,17.65,531300.0,0.0,1.0,17.56,17.98,17.42,17.65,531300.0
2013-08-12,17.75,18.24,17.45,17.54,791500.0,0.0,1.0,17.75,18.24,17.45,17.54,791500.0
2013-08-09,15.9999,18.7,15.85,17.9,3505400.0,0.0,1.0,15.9999,18.7,15.85,17.9,3505400.0
2013-08-08,14.58,14.9,14.43,14.62,418100.0,0.0,1.0,14.58,14.9,14.43,14.62,418100.0
2013-08-07,13.93,14.5,13.744000000000002,14.48,467800.0,0.0,1.0,13.93,14.5,13.744000000000002,14.48,467800.0
2013-08-06,14.06,14.07,13.7,14.0,409300.0,0.0,1.0,14.06,14.07,13.7,14.0,409300.0
2013-08-05,13.68,14.14,13.5647,14.14,429800.0,0.0,1.0,13.68,14.14,13.5647,14.14,429800.0
2013-08-02,13.45,13.99,13.44,13.66,421500.0,0.0,1.0,13.45,13.99,13.44,13.66,421500.0
2013-08-01,12.75,13.835999999999999,12.6191,13.53,978200.0,0.0,1.0,12.75,13.835999999999999,12.6191,13.53,978200.0
2013-07-31,12.0,12.96,11.7726,12.51,1445200.0,0.0,1.0,12.0,12.96,11.7726,12.51,1445200.0
2013-07-30,11.42,11.64,11.36,11.49,1082700.0,0.0,1.0,11.42,11.64,11.36,11.49,1082700.0
2013-07-29,11.5,11.59,11.34,11.39,479500.0,0.0,1.0,11.5,11.59,11.34,11.39,479500.0
2013-07-26,11.4,11.58,11.4,11.56,320600.0,0.0,1.0,11.4,11.58,11.4,11.56,320600.0
2013-07-25,11.5,11.71,11.41,11.5,454700.0,0.0,1.0,11.5,11.71,11.41,11.5,454700.0
2013-07-24,11.39,11.6,11.35,11.49,387300.0,0.0,1.0,11.39,11.6,11.35,11.49,387300.0
2013-07-23,11.68,11.806,10.76,11.3,748700.0,0.0,1.0,11.68,11.806,10.76,11.3,748700.0
2013-07-22,11.6,11.94,11.6,11.67,371500.0,0.0,1.0,11.6,11.94,11.6,11.67,371500.0
2013-07-19,11.57,11.81,11.49,11.66,240000.0,0.0,1.0,11.57,11.81,11.49,11.66,240000.0
2013-07-18,11.73,11.95,11.61,11.65,308700.0,0.0,1.0,11.73,11.95,11.61,11.65,308700.0
2013-07-17,11.68,11.89,11.53,11.66,174800.0,0.0,1.0,11.68,11.89,11.53,11.66,174800.0
2013-07-16,11.53,11.76,11.42,11.59,273600.0,0.0,1.0,11.53,11.76,11.42,11.59,273600.0
2013-07-15,11.21,11.5,11.2,11.47,333100.0,0.0,1.0,11.21,11.5,11.2,11.47,333100.0
2013-07-12,11.05,11.33,11.05,11.27,285400.0,0.0,1.0,11.05,11.33,11.05,11.27,285400.0
2013-07-11,11.15,11.32,10.99,11.08,552100.0,0.0,1.0,11.15,11.32,10.99,11.08,552100.0
2013-07-10,10.87,11.08,10.87,11.03,271900.0,0.0,1.0,10.87,11.08,10.87,11.03,271900.0
2013-07-09,10.61,11.0,10.56,10.92,473100.0,0.0,1.0,10.61,11.0,10.56,10.92,473100.0
2013-07-08,11.03,11.09,10.55,10.66,824400.0,0.0,1.0,11.03,11.09,10.55,10.66,824400.0
2013-07-05,10.6,11.03,10.5601,11.0,306400.0,0.0,1.0,10.6,11.03,10.5601,11.0,306400.0
2013-07-03,10.92,10.995,10.49,10.52,355900.0,0.0,1.0,10.92,10.995,10.49,10.52,355900.0
2013-07-02,11.11,11.11,10.8,10.87,526900.0,0.0,1.0,11.11,11.11,10.8,10.87,526900.0
2013-07-01,11.68,11.68,11.14,11.17,608400.0,0.0,1.0,11.68,11.68,11.14,11.17,608400.0
2013-06-28,10.17,12.15,9.5099,11.604000000000001,3127300.0,0.0,1.0,10.17,12.15,9.5099,11.604000000000001,3127300.0
2013-06-27,13.05,13.3,13.0,13.29,307700.0,0.0,1.0,13.05,13.3,13.0,13.29,307700.0
2013-06-26,12.67,13.1,12.5227,12.97,361800.0,0.0,1.0,12.67,13.1,12.5227,12.97,361800.0
2013-06-25,12.71,12.79,12.49,12.55,225400.0,0.0,1.0,12.71,12.79,12.49,12.55,225400.0
2013-06-24,12.72,12.98,12.4,12.55,208400.0,0.0,1.0,12.72,12.98,12.4,12.55,208400.0
2013-06-21,12.72,12.9,12.58,12.76,408200.0,0.0,1.0,12.72,12.9,12.58,12.76,408200.0
2013-06-20,13.0,13.12,12.6,12.67,329300.0,0.0,1.0,13.0,13.12,12.6,12.67,329300.0
2013-06-19,13.61,13.61,13.1,13.2,341400.0,0.0,1.0,13.61,13.61,13.1,13.2,341400.0
2013-06-18,13.45,13.86,13.28,13.6,218100.0,0.0,1.0,13.45,13.86,13.28,13.6,218100.0
2013-06-17,13.53,13.65,13.3,13.41,163600.0,0.0,1.0,13.53,13.65,13.3,13.41,163600.0
2013-06-14,13.58,13.81,13.4,13.41,174800.0,0.0,1.0,13.58,13.81,13.4,13.41,174800.0
2013-06-13,13.72,13.84,13.4,13.58,350800.0,0.0,1.0,13.72,13.84,13.4,13.58,350800.0
2013-06-12,13.21,14.89,13.17,13.77,891800.0,0.0,1.0,13.21,14.89,13.17,13.77,891800.0
2013-06-11,12.34,13.29,12.2792,13.02,537200.0,0.0,1.0,12.34,13.29,12.2792,13.02,537200.0
2013-06-10,11.76,12.47,11.63,12.43,249400.0,0.0,1.0,11.76,12.47,11.63,12.43,249400.0
2013-06-07,11.58,11.8174,11.53,11.72,148400.0,0.0,1.0,11.58,11.8174,11.53,11.72,148400.0
2013-06-06,11.7,11.865,11.34,11.56,415700.0,0.0,1.0,11.7,11.865,11.34,11.56,415700.0
2013-06-05,12.1,12.3,11.67,11.71,244400.0,0.0,1.0,12.1,12.3,11.67,11.71,244400.0
2013-06-04,12.55,12.66,12.0,12.1,266100.0,0.0,1.0,12.55,12.66,12.0,12.1,266100.0
2013-06-03,12.39,12.67,12.21,12.54,361600.0,0.0,1.0,12.39,12.67,12.21,12.54,361600.0
2013-05-31,12.47,12.89,12.27,12.32,478800.0,0.0,1.0,12.47,12.89,12.27,12.32,478800.0
2013-05-30,12.18,12.64,12.09,12.54,272000.0,0.0,1.0,12.18,12.64,12.09,12.54,272000.0
2013-05-29,12.54,12.91,12.15,12.16,299700.0,0.0,1.0,12.54,12.91,12.15,12.16,299700.0
2013-05-28,12.55,13.19,12.42,12.86,647100.0,0.0,1.0,12.55,13.19,12.42,12.86,647100.0
2013-05-24,11.33,12.23,11.33,12.14,455600.0,0.0,1.0,11.33,12.23,11.33,12.14,455600.0
2013-05-23,10.96,11.43,10.85,11.43,262500.0,0.0,1.0,10.96,11.43,10.85,11.43,262500.0
2013-05-22,11.11,11.69,11.005,11.08,420200.0,0.0,1.0,11.11,11.69,11.005,11.08,420200.0
2013-05-21,11.04,11.12,10.95,11.1,233800.0,0.0,1.0,11.04,11.12,10.95,11.1,233800.0
2013-05-20,11.22,11.25,10.94,11.05,412900.0,0.0,1.0,11.22,11.25,10.94,11.05,412900.0
2013-05-17,11.16,11.5,11.11,11.27,357100.0,0.0,1.0,11.16,11.5,11.11,11.27,357100.0
2013-05-16,10.99,11.15,10.95,11.12,132900.0,0.0,1.0,10.99,11.15,10.95,11.12,132900.0
2013-05-15,11.08,11.1,10.94,11.02,226900.0,0.0,1.0,11.08,11.1,10.94,11.02,226900.0
2013-05-14,11.09,11.25,11.04,11.14,253600.0,0.0,1.0,11.09,11.25,11.04,11.14,253600.0
2013-05-13,11.06,11.25,10.99,11.1,288900.0,0.0,1.0,11.06,11.25,10.99,11.1,288900.0
2013-05-10,11.02,11.23,10.93,11.13,272700.0,0.0,1.0,11.02,11.23,10.93,11.13,272700.0
2013-05-09,10.63,11.05,10.58,10.98,401500.0,0.0,1.0,10.63,11.05,10.58,10.98,401500.0
2013-05-08,10.53,10.7,10.4205,10.61,393700.0,0.0,1.0,10.53,10.7,10.4205,10.61,393700.0
2013-05-07,10.33,10.59,10.3,10.53,427100.0,0.0,1.0,10.33,10.59,10.3,10.53,427100.0
2013-05-06,10.0,10.35,9.92,10.34,616600.0,0.0,1.0,10.0,10.35,9.92,10.34,616600.0
2013-05-03,10.06,10.55,9.77,10.03,719600.0,0.0,1.0,10.06,10.55,9.77,10.03,719600.0
2013-05-02,9.95,10.0,9.83,9.93,464200.0,0.0,1.0,9.95,10.0,9.83,9.93,464200.0
2013-05-01,9.89,10.13,9.55,9.91,514900.0,0.0,1.0,9.89,10.13,9.55,9.91,514900.0
2013-04-30,9.55,10.19,8.81,10.04,1321300.0,0.0,1.0,9.55,10.19,8.81,10.04,1321300.0
2013-04-29,10.27,10.4,10.15,10.2,356600.0,0.0,1.0,10.27,10.4,10.15,10.2,356600.0
2013-04-26,10.23,10.44,9.99,10.18,393800.0,0.0,1.0,10.23,10.44,9.99,10.18,393800.0
2013-04-25,10.81,11.03,10.25,10.32,833600.0,0.0,1.0,10.81,11.03,10.25,10.32,833600.0
2013-04-24,11.05,11.4,11.0,11.26,251900.0,0.0,1.0,11.05,11.4,11.0,11.26,251900.0
2013-04-23,10.65,11.1,10.65,11.03,221200.0,0.0,1.0,10.65,11.1,10.65,11.03,221200.0
2013-04-22,10.43,10.68,10.05,10.58,236000.0,0.0,1.0,10.43,10.68,10.05,10.58,236000.0
2013-04-19,10.19,10.42,10.08,10.41,134700.0,0.0,1.0,10.19,10.42,10.08,10.41,134700.0
2013-04-18,10.28,10.33,10.08,10.16,226600.0,0.0,1.0,10.28,10.33,10.08,10.16,226600.0
2013-04-17,10.07,10.285,9.99,10.285,230800.0,0.0,1.0,10.07,10.285,9.99,10.285,230800.0
2013-04-16,10.32,10.38,10.05,10.18,249100.0,0.0,1.0,10.32,10.38,10.05,10.18,249100.0
2013-04-15,10.7,10.75,10.17,10.25,309700.0,0.0,1.0,10.7,10.75,10.17,10.25,309700.0
2013-04-12,10.8,10.93,10.6,10.76,211700.0,0.0,1.0,10.8,10.93,10.6,10.76,211700.0
2013-04-11,10.75,10.97,10.75,10.89,166400.0,0.0,1.0,10.75,10.97,10.75,10.89,166400.0
2013-04-10,10.56,10.87,10.56,10.78,199900.0,0.0,1.0,10.56,10.87,10.56,10.78,199900.0
2013-04-09,10.77,10.8,10.58,10.63,168000.0,0.0,1.0,10.77,10.8,10.58,10.63,168000.0
2013-04-08,10.86,10.86,10.55,10.77,208000.0,0.0,1.0,10.86,10.86,10.55,10.77,208000.0
2013-04-05,10.52,11.05,10.51,10.84,259500.0,0.0,1.0,10.52,11.05,10.51,10.84,259500.0
2013-04-04,10.7,10.8,10.57,10.72,207200.0,0.0,1.0,10.7,10.8,10.57,10.72,207200.0
2013-04-03,10.9,10.9,10.54,10.72,261100.0,0.0,1.0,10.9,10.9,10.54,10.72,261100.0
2013-04-02,11.05,11.34,10.79,10.9,197400.0,0.0,1.0,11.05,11.34,10.79,10.9,197400.0
2013-04-01,11.09,11.12,10.65,10.96,350600.0,0.0,1.0,11.09,11.12,10.65,10.96,350600.0
2013-03-28,11.58,11.58,11.11,11.12,297700.0,0.0,1.0,11.58,11.58,11.11,11.12,297700.0
2013-03-27,11.63,11.66,11.31,11.51,198500.0,0.0,1.0,11.63,11.66,11.31,11.51,198500.0
2013-03-26,11.78,11.91,11.6,11.77,186400.0,0.0,1.0,11.78,11.91,11.6,11.77,186400.0
2013-03-25,12.0,12.0,11.69,11.71,269900.0,0.0,1.0,12.0,12.0,11.69,11.71,269900.0
2013-03-22,11.99,11.99,11.77,11.93,225100.0,0.0,1.0,11.99,11.99,11.77,11.93,225100.0
2013-03-21,11.92,12.09,11.86,11.96,320400.0,0.0,1.0,11.92,12.09,11.86,11.96,320400.0
2013-03-20,11.89,11.99,11.65,11.962,1758000.0,0.0,1.0,11.89,11.99,11.65,11.962,1758000.0
2013-03-19,11.7,11.9,11.54,11.76,303400.0,0.0,1.0,11.7,11.9,11.54,11.76,303400.0
2013-03-18,11.56,11.77,11.56,11.67,256700.0,0.0,1.0,11.56,11.77,11.56,11.67,256700.0
2013-03-15,11.22,11.96,11.15,11.76,548100.0,0.0,1.0,11.22,11.96,11.15,11.76,548100.0
2013-03-14,11.21,11.33,10.88,11.23,489900.0,0.0,1.0,11.21,11.33,10.88,11.23,489900.0
2013-03-13,11.01,11.3,10.62,11.19,708400.0,0.0,1.0,11.01,11.3,10.62,11.19,708400.0
2013-03-12,10.75,12.4,10.42,11.07,2183400.0,0.0,1.0,10.75,12.4,10.42,11.07,2183400.0
2013-03-11,11.71,12.3,11.6,12.26,355000.0,0.0,1.0,11.71,12.3,11.6,12.26,355000.0
2013-03-08,11.82,11.89,11.64,11.77,199300.0,0.0,1.0,11.82,11.89,11.64,11.77,199300.0
2013-03-07,11.57,11.72,11.43,11.72,148600.0,0.0,1.0,11.57,11.72,11.43,11.72,148600.0
2013-03-06,11.59,11.6,11.39,11.54,142600.0,0.0,1.0,11.59,11.6,11.39,11.54,142600.0
2013-03-05,11.59,11.67,11.36,11.59,220200.0,0.0,1.0,11.59,11.67,11.36,11.59,220200.0
2013-03-04,11.11,11.57,11.06,11.51,281800.0,0.0,1.0,11.11,11.57,11.06,11.51,281800.0
2013-03-01,11.19,11.24,11.01,11.21,293900.0,0.0,1.0,11.19,11.24,11.01,11.21,293900.0
2013-02-28,11.15,11.52,11.01,11.3,442700.0,0.0,1.0,11.15,11.52,11.01,11.3,442700.0
2013-02-27,10.99,11.24,10.92,11.16,400500.0,0.0,1.0,10.99,11.24,10.92,11.16,400500.0
2013-02-26,11.01,11.1,10.75,10.99,230300.0,0.0,1.0,11.01,11.1,10.75,10.99,230300.0
2013-02-25,11.44,11.526,10.77,10.95,471000.0,0.0,1.0,11.44,11.526,10.77,10.95,471000.0
2013-02-22,11.79,11.79,11.25,11.3,426600.0,0.0,1.0,11.79,11.79,11.25,11.3,426600.0
2013-02-21,12.05,12.16,11.21,11.69,447400.0,0.0,1.0,12.05,12.16,11.21,11.69,447400.0
2013-02-20,13.14,13.14,12.46,12.47,312600.0,0.0,1.0,13.14,13.14,12.46,12.47,312600.0
2013-02-19,13.01,13.3599,12.88,13.11,282600.0,0.0,1.0,13.01,13.3599,12.88,13.11,282600.0
2013-02-15,12.97,13.19,12.82,12.92,525500.0,0.0,1.0,12.97,13.19,12.82,12.92,525500.0
2013-02-14,12.55,12.96,12.505,12.9,329800.0,0.0,1.0,12.55,12.96,12.505,12.9,329800.0
2013-02-13,12.31,12.7,12.28,12.63,242800.0,0.0,1.0,12.31,12.7,12.28,12.63,242800.0
2013-02-12,12.19,12.34,12.05,12.255,186400.0,0.0,1.0,12.19,12.34,12.05,12.255,186400.0
2013-02-11,12.16,12.31,11.98,12.19,192400.0,0.0,1.0,12.16,12.31,11.98,12.19,192400.0
2013-02-08,11.46,12.24,11.42,12.17,466000.0,0.0,1.0,11.46,12.24,11.42,12.17,466000.0
2013-02-07,11.24,11.42,10.72,11.42,1031200.0,0.0,1.0,11.24,11.42,10.72,11.42,1031200.0
2013-02-06,11.24,11.47,11.05,11.28,366500.0,0.0,1.0,11.24,11.47,11.05,11.28,366500.0
2013-02-05,11.22,11.41,11.1,11.32,280100.0,0.0,1.0,11.22,11.41,11.1,11.32,280100.0
2013-02-04,11.29,11.49,11.14,11.14,285500.0,0.0,1.0,11.29,11.49,11.14,11.14,285500.0
2013-02-01,11.24,11.37,11.12,11.35,427400.0,0.0,1.0,11.24,11.37,11.12,11.35,427400.0
2013-01-31,11.04,11.2399,11.03,11.12,309600.0,0.0,1.0,11.04,11.2399,11.03,11.12,309600.0
2013-01-30,11.59,11.65,11.01,11.03,330700.0,0.0,1.0,11.59,11.65,11.01,11.03,330700.0
2013-01-29,11.8,11.81,11.52,11.61,421900.0,0.0,1.0,11.8,11.81,11.52,11.61,421900.0
2013-01-28,11.6,11.85,11.475,11.76,265300.0,0.0,1.0,11.6,11.85,11.475,11.76,265300.0
2013-01-25,11.55,11.85,11.54,11.6,333300.0,0.0,1.0,11.55,11.85,11.54,11.6,333300.0
2013-01-24,11.31,11.58,11.31,11.56,391400.0,0.0,1.0,11.31,11.58,11.31,11.56,391400.0
2013-01-23,11.63,11.7685,11.31,11.31,217500.0,0.0,1.0,11.63,11.7685,11.31,11.31,217500.0
2013-01-22,11.36,11.66,11.21,11.58,192500.0,0.0,1.0,11.36,11.66,11.21,11.58,192500.0
2013-01-18,11.54,11.54,11.17,11.36,217200.0,0.0,1.0,11.54,11.54,11.17,11.36,217200.0
2013-01-17,11.5,11.67,11.42,11.52,133400.0,0.0,1.0,11.5,11.67,11.42,11.52,133400.0
2013-01-16,11.48,11.58,11.3301,11.46,181100.0,0.0,1.0,11.48,11.58,11.3301,11.46,181100.0
2013-01-15,11.2,11.53,11.2,11.51,252500.0,0.0,1.0,11.2,11.53,11.2,11.51,252500.0
2013-01-14,10.98,11.2,10.98,11.18,242500.0,0.0,1.0,10.98,11.2,10.98,11.18,242500.0
2013-01-11,11.29,11.4,10.98,11.06,304300.0,0.0,1.0,11.29,11.4,10.98,11.06,304300.0
2013-01-10,11.42,11.53,11.0468,11.27,256700.0,0.0,1.0,11.42,11.53,11.0468,11.27,256700.0
2013-01-09,11.81,11.93,11.25,11.32,353600.0,0.0,1.0,11.81,11.93,11.25,11.32,353600.0
2013-01-08,11.58,11.9,11.49,11.73,246200.0,0.0,1.0,11.58,11.9,11.49,11.73,246200.0
2013-01-07,11.56,11.8069,11.35,11.55,144900.0,0.0,1.0,11.56,11.8069,11.35,11.55,144900.0
2013-01-04,11.54,11.85,11.35,11.62,144900.0,0.0,1.0,11.54,11.85,11.35,11.62,144900.0
2013-01-03,11.8,11.87,11.44,11.47,282900.0,0.0,1.0,11.8,11.87,11.44,11.47,282900.0
2013-01-02,11.72,11.97,11.42,11.75,397300.0,0.0,1.0,11.72,11.97,11.42,11.75,397300.0
2012-12-31,11.33,11.4,11.09,11.3068,271500.0,0.0,1.0,11.33,11.4,11.09,11.3068,271500.0
2012-12-28,11.11,11.49,10.94,11.34,172900.0,0.0,1.0,11.11,11.49,10.94,11.34,172900.0
2012-12-27,11.36,11.43,10.95,11.24,176200.0,0.0,1.0,11.36,11.43,10.95,11.24,176200.0
2012-12-26,11.52,11.7,11.31,11.37,217100.0,0.0,1.0,11.52,11.7,11.31,11.37,217100.0
2012-12-24,11.45,11.67,11.22,11.46,181100.0,0.0,1.0,11.45,11.67,11.22,11.46,181100.0
2012-12-21,12.11,12.11,11.13,11.47,692500.0,0.0,1.0,12.11,12.11,11.13,11.47,692500.0
2012-12-20,12.03,12.38,11.806,12.34,210900.0,0.0,1.0,12.03,12.38,11.806,12.34,210900.0
2012-12-19,12.19,12.2,11.82,12.02,280200.0,0.0,1.0,12.19,12.2,11.82,12.02,280200.0
2012-12-18,11.55,12.35,11.501,12.16,368200.0,0.0,1.0,11.55,12.35,11.501,12.16,368200.0
2012-12-17,11.11,11.54,11.11,11.53,217100.0,0.0,1.0,11.11,11.54,11.11,11.53,217100.0
2012-12-14,10.91,11.29,10.9,11.07,159900.0,0.0,1.0,10.91,11.29,10.9,11.07,159900.0
2012-12-13,11.44,11.48,10.95,10.98,269300.0,0.0,1.0,11.44,11.48,10.95,10.98,269300.0
2012-12-12,10.83,11.79,10.81,11.55,483200.0,0.0,1.0,10.83,11.79,10.81,11.55,483200.0
2012-12-11,10.58,11.13,10.56,11.07,300900.0,0.0,1.0,10.58,11.13,10.56,11.07,300900.0
2012-12-10,10.38,10.93,10.26,10.86,325400.0,0.0,1.0,10.38,10.93,10.26,10.86,325400.0
2012-12-07,10.91,10.9499,10.48,10.5,254500.0,0.0,1.0,10.91,10.9499,10.48,10.5,254500.0
2012-12-06,10.39,11.01,10.29,10.8415,443800.0,0.0,1.0,10.39,11.01,10.29,10.8415,443800.0
2012-12-05,10.92,11.15,10.32,10.39,272100.0,0.0,1.0,10.92,11.15,10.32,10.39,272100.0
2012-12-04,10.55,10.89,10.37,10.89,450100.0,0.0,1.0,10.55,10.89,10.37,10.89,450100.0
2012-12-03,10.51,10.6,10.38,10.5201,202200.0,0.0,1.0,10.51,10.6,10.38,10.5201,202200.0
2012-11-30,10.67,10.73,10.4,10.47,235900.0,0.0,1.0,10.67,10.73,10.4,10.47,235900.0
2012-11-29,10.33,10.67,10.33,10.61,203200.0,0.0,1.0,10.33,10.67,10.33,10.61,203200.0
2012-11-28,10.22,10.33,9.97,10.22,147500.0,0.0,1.0,10.22,10.33,9.97,10.22,147500.0
2012-11-27,10.22,10.42,10.0332,10.32,143200.0,0.0,1.0,10.22,10.42,10.0332,10.32,143200.0
2012-11-26,10.24,10.32,10.11,10.25,156700.0,0.0,1.0,10.24,10.32,10.11,10.25,156700.0
2012-11-23,10.15,10.38,10.08,10.31,127000.0,0.0,1.0,10.15,10.38,10.08,10.31,127000.0
2012-11-21,9.96,10.26,9.88,10.1,141000.0,0.0,1.0,9.96,10.26,9.88,10.1,141000.0
2012-11-20,9.94,10.12,9.75,9.89,186300.0,0.0,1.0,9.94,10.12,9.75,9.89,186300.0
2012-11-19,9.87,10.07,9.69,10.01,276900.0,0.0,1.0,9.87,10.07,9.69,10.01,276900.0
2012-11-16,9.65,9.74,9.52,9.6497,296800.0,0.0,1.0,9.65,9.74,9.52,9.6497,296800.0
2012-11-15,9.88,10.2055,9.58,9.65,339600.0,0.0,1.0,9.88,10.2055,9.58,9.65,339600.0
2012-11-14,10.04,10.18,9.86,9.91,196000.0,0.0,1.0,10.04,10.18,9.86,9.91,196000.0
2012-11-13,10.3,10.41,10.01,10.02,157500.0,0.0,1.0,10.3,10.41,10.01,10.02,157500.0
2012-11-12,10.05,10.57,9.94,10.42,228800.0,0.0,1.0,10.05,10.57,9.94,10.42,228800.0
2012-11-09,10.47,10.57,10.0,10.03,320400.0,0.0,1.0,10.47,10.57,10.0,10.03,320400.0
2012-11-08,10.63,10.6384,10.23,10.5,351300.0,0.0,1.0,10.63,10.6384,10.23,10.5,351300.0
2012-11-07,11.22,11.22,10.12,10.651,553800.0,0.0,1.0,11.22,11.22,10.12,10.651,553800.0
2012-11-06,11.3,11.73,10.4,11.45,751600.0,0.0,1.0,11.3,11.73,10.4,11.45,751600.0
2012-11-05,11.1,11.69,11.06,11.21,379700.0,0.0,1.0,11.1,11.69,11.06,11.21,379700.0
2012-11-02,11.88,11.88,10.97,11.07,437500.0,0.0,1.0,11.88,11.88,10.97,11.07,437500.0
2012-11-01,11.07,12.01,10.88,11.93,439000.0,0.0,1.0,11.07,12.01,10.88,11.93,439000.0
2012-10-31,11.04,11.33,10.63,11.04,247800.0,0.0,1.0,11.04,11.33,10.63,11.04,247800.0
2012-10-26,11.72,11.7893,10.99,11.01,179700.0,0.0,1.0,11.72,11.7893,10.99,11.01,179700.0
2012-10-25,11.74,11.84,11.53,11.75,187900.0,0.0,1.0,11.74,11.84,11.53,11.75,187900.0
2012-10-24,11.86,11.9,11.34,11.58,183900.0,0.0,1.0,11.86,11.9,11.34,11.58,183900.0
2012-10-23,11.67,11.87,11.55,11.82,278900.0,0.0,1.0,11.67,11.87,11.55,11.82,278900.0
2012-10-22,11.58,11.8,11.43,11.75,254200.0,0.0,1.0,11.58,11.8,11.43,11.75,254200.0
2012-10-19,11.66,11.705,11.53,11.62,244400.0,0.0,1.0,11.66,11.705,11.53,11.62,244400.0
2012-10-18,11.82,11.92,11.72,11.7597,277400.0,0.0,1.0,11.82,11.92,11.72,11.7597,277400.0
2012-10-17,12.05,12.07,11.76,11.86,302700.0,0.0,1.0,12.05,12.07,11.76,11.86,302700.0
2012-10-16,12.21,12.21,11.85,12.06,301500.0,0.0,1.0,12.21,12.21,11.85,12.06,301500.0
2012-10-15,12.86,13.01,11.8,12.08,859800.0,0.0,1.0,12.86,13.01,11.8,12.08,859800.0
2012-10-12,13.31,13.61,13.2417,13.33,146100.0,0.0,1.0,13.31,13.61,13.2417,13.33,146100.0
2012-10-11,13.27,13.5,13.14,13.28,176700.0,0.0,1.0,13.27,13.5,13.14,13.28,176700.0
2012-10-10,13.03,13.1,12.77,13.03,181700.0,0.0,1.0,13.03,13.1,12.77,13.03,181700.0
2012-10-09,13.46,13.62,13.01,13.02,217200.0,0.0,1.0,13.46,13.62,13.01,13.02,217200.0
2012-10-08,13.28,13.63,13.12,13.56,303500.0,0.0,1.0,13.28,13.63,13.12,13.56,303500.0
2012-10-05,13.08,13.47,13.04,13.41,146700.0,0.0,1.0,13.08,13.47,13.04,13.41,146700.0
2012-10-04,13.34,13.46,12.78,13.01,354500.0,0.0,1.0,13.34,13.46,12.78,13.01,354500.0
2012-10-03,13.7081,13.74,13.22,13.24,250800.0,0.0,1.0,13.7081,13.74,13.22,13.24,250800.0
2012-10-02,13.88,13.97,13.49,13.54,241900.0,0.0,1.0,13.88,13.97,13.49,13.54,241900.0
2012-10-01,13.86,13.9899,13.66,13.84,241800.0,0.0,1.0,13.86,13.9899,13.66,13.84,241800.0
2012-09-28,14.0,14.15,13.79,13.8199,334100.0,0.0,1.0,14.0,14.15,13.79,13.8199,334100.0
2012-09-27,14.28,14.31,14.02,14.06,263900.0,0.0,1.0,14.28,14.31,14.02,14.06,263900.0
2012-09-26,14.51,14.7457,14.05,14.21,246000.0,0.0,1.0,14.51,14.7457,14.05,14.21,246000.0
2012-09-25,14.66,15.06,14.38,14.5,312800.0,0.0,1.0,14.66,15.06,14.38,14.5,312800.0
2012-09-24,14.94,15.1199,14.55,14.59,275100.0,0.0,1.0,14.94,15.1199,14.55,14.59,275100.0
2012-09-21,15.26,15.26,14.92,15.11,468400.0,0.0,1.0,15.26,15.26,14.92,15.11,468400.0
2012-09-20,15.02,15.33,14.0,15.05,196100.0,0.0,1.0,15.02,15.33,14.0,15.05,196100.0
2012-09-19,15.11,15.4499,15.0,15.13,134200.0,0.0,1.0,15.11,15.4499,15.0,15.13,134200.0
2012-09-18,15.07,15.3,14.9,15.08,191800.0,0.0,1.0,15.07,15.3,14.9,15.08,191800.0
2012-09-17,15.26,15.26,14.8,15.09,314900.0,0.0,1.0,15.26,15.26,14.8,15.09,314900.0
2012-09-14,15.67,15.95,15.29,15.4,346100.0,0.0,1.0,15.67,15.95,15.29,15.4,346100.0
2012-09-13,15.3,15.75,15.3,15.56,295800.0,0.0,1.0,15.3,15.75,15.3,15.56,295800.0
2012-09-12,15.33,15.4301,15.1,15.31,124600.0,0.0,1.0,15.33,15.4301,15.1,15.31,124600.0
2012-09-11,15.49,15.71,15.17,15.42,171700.0,0.0,1.0,15.49,15.71,15.17,15.42,171700.0
2012-09-10,15.8,15.86,15.38,15.47,176500.0,0.0,1.0,15.8,15.86,15.38,15.47,176500.0
2012-09-07,15.83,15.95,15.5619,15.84,123300.0,0.0,1.0,15.83,15.95,15.5619,15.84,123300.0
2012-09-06,14.95,15.78,14.83,15.755,446100.0,0.0,1.0,14.95,15.78,14.83,15.755,446100.0
2012-09-05,14.81,14.99,14.7013,14.93,308400.0,0.0,1.0,14.81,14.99,14.7013,14.93,308400.0
2012-09-04,14.03,14.8,14.02,14.75,222700.0,0.0,1.0,14.03,14.8,14.02,14.75,222700.0
2012-08-31,14.47,14.66,14.01,14.08,171800.0,0.0,1.0,14.47,14.66,14.01,14.08,171800.0
2012-08-30,14.66,14.74,14.3,14.33,137100.0,0.0,1.0,14.66,14.74,14.3,14.33,137100.0
2012-08-29,14.7,14.87,14.52,14.77,120600.0,0.0,1.0,14.7,14.87,14.52,14.77,120600.0
2012-08-28,14.42,14.7,14.36,14.69,162800.0,0.0,1.0,14.42,14.7,14.36,14.69,162800.0
2012-08-27,14.13,14.4809,14.02,14.46,173900.0,0.0,1.0,14.13,14.4809,14.02,14.46,173900.0
2012-08-24,13.93,14.1295,13.8062,14.09,187700.0,0.0,1.0,13.93,14.1295,13.8062,14.09,187700.0
2012-08-23,14.27,14.33,13.98,14.0,304100.0,0.0,1.0,14.27,14.33,13.98,14.0,304100.0
2012-08-22,14.26,14.51,14.161,14.34,323800.0,0.0,1.0,14.26,14.51,14.161,14.34,323800.0
2012-08-21,14.06,14.65,14.06,14.34,389500.0,0.0,1.0,14.06,14.65,14.06,14.34,389500.0
2012-08-20,14.52,14.7,13.96,14.01,497400.0,0.0,1.0,14.52,14.7,13.96,14.01,497400.0
2012-08-17,14.31,14.64,14.12,14.61,313400.0,0.0,1.0,14.31,14.64,14.12,14.61,313400.0
2012-08-16,14.33,14.47,14.11,14.32,235900.0,0.0,1.0,14.33,14.47,14.11,14.32,235900.0
2012-08-15,14.14,14.51,13.95,14.39,311400.0,0.0,1.0,14.14,14.51,13.95,14.39,311400.0
2012-08-14,14.42,14.67,14.17,14.22,331800.0,0.0,1.0,14.42,14.67,14.17,14.22,331800.0
2012-08-13,14.32,14.5,14.06,14.45,205700.0,0.0,1.0,14.32,14.5,14.06,14.45,205700.0
2012-08-10,13.99,14.42,13.8,14.34,295300.0,0.0,1.0,13.99,14.42,13.8,14.34,295300.0
2012-08-09,13.81,14.36,13.8,14.02,323300.0,0.0,1.0,13.81,14.36,13.8,14.02,323300.0
2012-08-08,12.58,13.96,12.53,13.82,473700.0,0.0,1.0,12.58,13.96,12.53,13.82,473700.0
2012-08-07,12.08,12.66,11.55,12.61,447400.0,0.0,1.0,12.08,12.66,11.55,12.61,447400.0
2012-08-06,11.9,12.64,11.87,12.28,353200.0,0.0,1.0,11.9,12.64,11.87,12.28,353200.0
2012-08-03,11.81,12.15,11.62,11.93,261000.0,0.0,1.0,11.81,12.15,11.62,11.93,261000.0
2012-08-02,11.32,11.71,11.26,11.59,261600.0,0.0,1.0,11.32,11.71,11.26,11.59,261600.0
2012-08-01,12.27,12.3,11.39,11.44,357000.0,0.0,1.0,12.27,12.3,11.39,11.44,357000.0
2012-07-31,12.21,12.5499,12.11,12.19,311600.0,0.0,1.0,12.21,12.5499,12.11,12.19,311600.0
2012-07-30,12.19,12.37,11.86,12.25,190400.0,0.0,1.0,12.19,12.37,11.86,12.25,190400.0
2012-07-27,11.39,12.22,11.3,12.19,323700.0,0.0,1.0,11.39,12.22,11.3,12.19,323700.0
2012-07-26,11.83,11.99,11.15,11.295,298200.0,0.0,1.0,11.83,11.99,11.15,11.295,298200.0
2012-07-25,12.23,12.4,11.48,11.54,299600.0,0.0,1.0,12.23,12.4,11.48,11.54,299600.0
2012-07-24,13.04,13.04,12.1,12.16,481300.0,0.0,1.0,13.04,13.04,12.1,12.16,481300.0
2012-07-23,13.54,13.88,12.72,13.04,435400.0,0.0,1.0,13.54,13.88,12.72,13.04,435400.0
2012-07-20,13.32,13.93,13.1499,13.85,384100.0,0.0,1.0,13.32,13.93,13.1499,13.85,384100.0
2012-07-19,13.39,13.48,13.0,13.44,319800.0,0.0,1.0,13.39,13.48,13.0,13.44,319800.0
2012-07-18,12.92,13.35,12.805,13.32,280900.0,0.0,1.0,12.92,13.35,12.805,13.32,280900.0
2012-07-17,12.98,13.045,12.62,12.97,221200.0,0.0,1.0,12.98,13.045,12.62,12.97,221200.0
2012-07-16,12.74,13.0,12.57,12.93,171800.0,0.0,1.0,12.74,13.0,12.57,12.93,171800.0
2012-07-13,12.48,12.87,12.282,12.8,252500.0,0.0,1.0,12.48,12.87,12.282,12.8,252500.0
2012-07-12,12.49,12.53,12.24,12.44,172100.0,0.0,1.0,12.49,12.53,12.24,12.44,172100.0
2012-07-11,12.55,12.69,12.41,12.66,219600.0,0.0,1.0,12.55,12.69,12.41,12.66,219600.0
2012-07-10,12.76,12.796,12.35,12.5,206600.0,0.0,1.0,12.76,12.796,12.35,12.5,206600.0
2012-07-09,12.7,13.05,12.6175,12.72,304600.0,0.0,1.0,12.7,13.05,12.6175,12.72,304600.0
2012-07-06,12.7,12.9,12.46,12.77,285500.0,0.0,1.0,12.7,12.9,12.46,12.77,285500.0
2012-07-05,12.48,13.06,12.45,12.87,463400.0,0.0,1.0,12.48,13.06,12.45,12.87,463400.0
2012-07-03,12.65,12.68,12.31,12.5,169600.0,0.0,1.0,12.65,12.68,12.31,12.5,169600.0
2012-07-02,12.47,12.63,12.21,12.63,361200.0,0.0,1.0,12.47,12.63,12.21,12.63,361200.0
2012-06-29,12.23,12.540999999999999,11.72,12.45,453500.0,0.0,1.0,12.23,12.540999999999999,11.72,12.45,453500.0
2012-06-28,12.95,13.48,11.27,11.885,1073400.0,0.0,1.0,12.95,13.48,11.27,11.885,1073400.0
2012-06-27,12.66,13.21,12.63,13.08,455500.0,0.0,1.0,12.66,13.21,12.63,13.08,455500.0
2012-06-26,12.73,12.73,12.43,12.67,235700.0,0.0,1.0,12.73,12.73,12.43,12.67,235700.0
2012-06-25,12.67,12.78,12.36,12.68,279200.0,0.0,1.0,12.67,12.78,12.36,12.68,279200.0
2012-06-22,12.58,12.99,12.5,12.92,490100.0,0.0,1.0,12.58,12.99,12.5,12.92,490100.0
2012-06-21,12.8,12.89,12.44,12.52,303800.0,0.0,1.0,12.8,12.89,12.44,12.52,303800.0
2012-06-20,12.6,12.88,12.5,12.77,306600.0,0.0,1.0,12.6,12.88,12.5,12.77,306600.0
2012-06-19,12.08,12.75,11.99,12.67,408200.0,0.0,1.0,12.08,12.75,11.99,12.67,408200.0
2012-06-18,11.94,12.19,11.73,11.99,294500.0,0.0,1.0,11.94,12.19,11.73,11.99,294500.0
2012-06-15,11.9,12.12,11.68,11.99,530200.0,0.0,1.0,11.9,12.12,11.68,11.99,530200.0
2012-06-14,11.55,12.12,11.49,11.95,370800.0,0.0,1.0,11.55,12.12,11.49,11.95,370800.0
2012-06-13,11.49,11.84,11.26,11.57,430700.0,0.0,1.0,11.49,11.84,11.26,11.57,430700.0
2012-06-12,11.12,11.59,10.92,11.55,344000.0,0.0,1.0,11.12,11.59,10.92,11.55,344000.0
2012-06-11,11.86,11.86,11.03,11.04,356400.0,0.0,1.0,11.86,11.86,11.03,11.04,356400.0
2012-06-08,11.28,11.75,11.08,11.71,368900.0,0.0,1.0,11.28,11.75,11.08,11.71,368900.0
2012-06-07,11.93,12.05,11.3,11.34,376700.0,0.0,1.0,11.93,12.05,11.3,11.34,376700.0
2012-06-06,11.25,12.05,11.21,11.78,742200.0,0.0,1.0,11.25,12.05,11.21,11.78,742200.0
2012-06-05,10.43,11.13,10.31,11.12,493400.0,0.0,1.0,10.43,11.13,10.31,11.12,493400.0
2012-06-04,10.62,10.63,10.31,10.48,418500.0,0.0,1.0,10.62,10.63,10.31,10.48,418500.0
2012-06-01,10.76,10.93,10.3,10.56,332300.0,0.0,1.0,10.76,10.93,10.3,10.56,332300.0
2012-05-31,10.99,11.1,10.74,10.97,334100.0,0.0,1.0,10.99,11.1,10.74,10.97,334100.0
2012-05-30,11.25,11.25,10.96,11.0,472700.0,0.0,1.0,11.25,11.25,10.96,11.0,472700.0
2012-05-29,10.95,11.4,10.95,11.32,491700.0,0.0,1.0,10.95,11.4,10.95,11.32,491700.0
2012-05-25,10.54,11.04,10.5,10.93,517700.0,0.0,1.0,10.54,11.04,10.5,10.93,517700.0
2012-05-24,9.88,10.53,9.84,10.52,585500.0,0.0,1.0,9.88,10.53,9.84,10.52,585500.0
2012-05-23,9.84,9.94,9.51,9.91,610000.0,0.0,1.0,9.84,9.94,9.51,9.91,610000.0
2012-05-22,10.16,10.25,9.89,10.0,423800.0,0.0,1.0,10.16,10.25,9.89,10.0,423800.0
2012-05-21,10.01,10.27,9.95,10.01,540600.0,0.0,1.0,10.01,10.27,9.95,10.01,540600.0
2012-05-18,9.84,10.19,9.84,10.0,638900.0,0.0,1.0,9.84,10.19,9.84,10.0,638900.0
2012-05-17,10.24,10.4,9.82,9.84,614600.0,0.0,1.0,10.24,10.4,9.82,9.84,614600.0
2012-05-16,10.39,10.55,10.23,10.26,430600.0,0.0,1.0,10.39,10.55,10.23,10.26,430600.0
2012-05-15,10.72,11.32,10.2336,10.31,979000.0,0.0,1.0,10.72,11.32,10.2336,10.31,979000.0
2012-05-14,10.4,10.46,10.1314,10.17,556000.0,0.0,1.0,10.4,10.46,10.1314,10.17,556000.0
2012-05-11,9.99,10.68,9.79,10.54,882600.0,0.0,1.0,9.99,10.68,9.79,10.54,882600.0
2012-05-10,10.69,10.89,9.9,10.01,1284800.0,0.0,1.0,10.69,10.89,9.9,10.01,1284800.0
2012-05-09,13.1,13.14,10.2101,10.56,2747000.0,0.0,1.0,13.1,13.14,10.2101,10.56,2747000.0
2012-05-08,14.05,14.48,13.16,13.42,835300.0,0.0,1.0,14.05,14.48,13.16,13.42,835300.0
2012-05-07,14.42,14.73,14.15,14.68,591700.0,0.0,1.0,14.42,14.73,14.15,14.68,591700.0
2012-05-04,14.5,14.6,13.99,14.52,466900.0,0.0,1.0,14.5,14.6,13.99,14.52,466900.0
2012-05-03,14.76,15.23,14.52,14.61,353300.0,0.0,1.0,14.76,15.23,14.52,14.61,353300.0
2012-05-02,14.41,14.8,14.31,14.73,461800.0,0.0,1.0,14.41,14.8,14.31,14.73,461800.0
2012-05-01,14.75,15.41,14.44,14.44,585900.0,0.0,1.0,14.75,15.41,14.44,14.44,585900.0
2012-04-30,15.2,15.2,14.7,14.73,276000.0,0.0,1.0,15.2,15.2,14.7,14.73,276000.0
2012-04-27,15.03,15.27,14.78,15.26,307400.0,0.0,1.0,15.03,15.27,14.78,15.26,307400.0
2012-04-26,14.92,15.51,14.91,15.01,493600.0,0.0,1.0,14.92,15.51,14.91,15.01,493600.0
2012-04-25,14.51,15.05,14.51,15.03,690100.0,0.0,1.0,14.51,15.05,14.51,15.03,690100.0
2012-04-24,14.24,14.34,14.0,14.29,538400.0,0.0,1.0,14.24,14.34,14.0,14.29,538400.0
2012-04-23,14.15,14.4,13.42,14.26,986100.0,0.0,1.0,14.15,14.4,13.42,14.26,986100.0
2012-04-20,13.52,14.27,13.42,13.75,878400.0,0.0,1.0,13.52,14.27,13.42,13.75,878400.0
2012-04-19,13.35,13.65,13.18,13.36,261200.0,0.0,1.0,13.35,13.65,13.18,13.36,261200.0
2012-04-18,13.7,13.7,13.27,13.37,187500.0,0.0,1.0,13.7,13.7,13.27,13.37,187500.0
2012-04-17,13.33,13.91,13.33,13.75,238600.0,0.0,1.0,13.33,13.91,13.33,13.75,238600.0
2012-04-16,13.34,13.48,13.09,13.19,290800.0,0.0,1.0,13.34,13.48,13.09,13.19,290800.0
2012-04-13,13.67,13.86,13.22,13.31,189900.0,0.0,1.0,13.67,13.86,13.22,13.31,189900.0
2012-04-12,13.44,13.94,13.34,13.75,320900.0,0.0,1.0,13.44,13.94,13.34,13.75,320900.0
2012-04-11,13.07,13.54,13.07,13.39,431100.0,0.0,1.0,13.07,13.54,13.07,13.39,431100.0
2012-04-10,13.6,13.6,12.7,12.9,643700.0,0.0,1.0,13.6,13.6,12.7,12.9,643700.0
2012-04-09,13.82,13.8495,13.42,13.62,344200.0,0.0,1.0,13.82,13.8495,13.42,13.62,344200.0
2012-04-05,14.06,14.11,13.95,14.05,329300.0,0.0,1.0,14.06,14.11,13.95,14.05,329300.0
2012-04-04,14.08,14.15,13.59,14.07,347400.0,0.0,1.0,14.08,14.15,13.59,14.07,347400.0
2012-04-03,14.19,14.45,14.04,14.17,379000.0,0.0,1.0,14.19,14.45,14.04,14.17,379000.0
2012-04-02,14.45,14.49,13.99,14.28,490500.0,0.0,1.0,14.45,14.49,13.99,14.28,490500.0
2012-03-30,14.48,14.7,14.28,14.46,334800.0,0.0,1.0,14.48,14.7,14.28,14.46,334800.0
2012-03-29,14.06,14.4659,13.98,14.4,300800.0,0.0,1.0,14.06,14.4659,13.98,14.4,300800.0
2012-03-28,14.3,14.5175,14.04,14.18,312000.0,0.0,1.0,14.3,14.5175,14.04,14.18,312000.0
2012-03-27,14.64,14.73,14.24,14.3,327100.0,0.0,1.0,14.64,14.73,14.24,14.3,327100.0
2012-03-26,14.28,14.72,14.07,14.66,400500.0,0.0,1.0,14.28,14.72,14.07,14.66,400500.0
2012-03-23,14.04,14.26,13.862,14.15,153500.0,0.0,1.0,14.04,14.26,13.862,14.15,153500.0
2012-03-22,14.1,14.181,13.93,14.07,377900.0,0.0,1.0,14.1,14.181,13.93,14.07,377900.0
2012-03-21,14.2,14.325,13.95,14.22,410700.0,0.0,1.0,14.2,14.325,13.95,14.22,410700.0
2012-03-20,14.08,14.21,13.69,14.06,481500.0,0.0,1.0,14.08,14.21,13.69,14.06,481500.0
2012-03-19,14.36,14.4738,13.91,14.19,382400.0,0.0,1.0,14.36,14.4738,13.91,14.19,382400.0
2012-03-16,14.18,14.385,14.03,14.37,683400.0,0.0,1.0,14.18,14.385,14.03,14.37,683400.0
2012-03-15,14.01,14.23,13.88,14.18,677300.0,0.0,1.0,14.01,14.23,13.88,14.18,677300.0
2012-03-14,13.44,14.1,13.44,14.0,734900.0,0.0,1.0,13.44,14.1,13.44,14.0,734900.0
2012-03-13,13.05,13.48,12.81,13.39,493200.0,0.0,1.0,13.05,13.48,12.81,13.39,493200.0
2012-03-12,13.04,13.25,12.89,12.94,412700.0,0.0,1.0,13.04,13.25,12.89,12.94,412700.0
2012-03-09,12.31,13.19,12.31,13.05,959300.0,0.0,1.0,12.31,13.19,12.31,13.05,959300.0
2012-03-08,12.51,12.66,12.07,12.37,512300.0,0.0,1.0,12.51,12.66,12.07,12.37,512300.0
2012-03-07,12.69,12.75,12.21,12.41,599700.0,0.0,1.0,12.69,12.75,12.21,12.41,599700.0
2012-03-06,12.24,12.79,12.24,12.68,759800.0,0.0,1.0,12.24,12.79,12.24,12.68,759800.0
2012-03-05,12.42,12.7,12.29,12.45,544000.0,0.0,1.0,12.42,12.7,12.29,12.45,544000.0
2012-03-02,12.62,12.82,12.39,12.49,471300.0,0.0,1.0,12.62,12.82,12.39,12.49,471300.0
2012-03-01,12.88,13.13,12.64,12.66,546000.0,0.0,1.0,12.88,13.13,12.64,12.66,546000.0
2012-02-29,12.55,13.3,12.52,12.85,1443900.0,0.0,1.0,12.55,13.3,12.52,12.85,1443900.0
2012-02-28,13.6,14.49,11.79,12.45,2509200.0,0.0,1.0,13.6,14.49,11.79,12.45,2509200.0
2012-02-27,12.02,13.25,12.0,12.93,1434000.0,0.0,1.0,12.02,13.25,12.0,12.93,1434000.0
2012-02-24,11.51,12.02,11.51,11.99,667000.0,0.0,1.0,11.51,12.02,11.51,11.99,667000.0
2012-02-23,11.48,11.71,11.25,11.51,323200.0,0.0,1.0,11.48,11.71,11.25,11.51,323200.0
2012-02-22,11.4,11.82,11.39,11.56,381300.0,0.0,1.0,11.4,11.82,11.39,11.56,381300.0
2012-02-21,11.34,11.7,11.21,11.4,589300.0,0.0,1.0,11.34,11.7,11.21,11.4,589300.0
2012-02-17,11.49,11.7,11.15,11.29,401700.0,0.0,1.0,11.49,11.7,11.15,11.29,401700.0
2012-02-16,11.41,11.5578,11.12,11.48,237500.0,0.0,1.0,11.41,11.5578,11.12,11.48,237500.0
2012-02-15,11.81,12.41,11.33,11.41,773900.0,0.0,1.0,11.81,12.41,11.33,11.41,773900.0
2012-02-14,11.31,11.69,11.0,11.65,691200.0,0.0,1.0,11.31,11.69,11.0,11.65,691200.0
2012-02-13,11.42,11.62,11.24,11.41,367400.0,0.0,1.0,11.42,11.62,11.24,11.41,367400.0
2012-02-10,11.58,11.59,11.33,11.33,224600.0,0.0,1.0,11.58,11.59,11.33,11.33,224600.0
2012-02-09,12.09,12.2,11.67,11.77,257400.0,0.0,1.0,12.09,12.2,11.67,11.77,257400.0
2012-02-08,11.68,12.09,11.68,12.08,579000.0,0.0,1.0,11.68,12.09,11.68,12.08,579000.0
2012-02-07,11.64,11.925,11.501,11.67,466000.0,0.0,1.0,11.64,11.925,11.501,11.67,466000.0
2012-02-06,11.67,11.8,11.46,11.64,297300.0,0.0,1.0,11.67,11.8,11.46,11.64,297300.0
2012-02-03,11.7,11.95,11.63,11.7,601700.0,0.0,1.0,11.7,11.95,11.63,11.7,601700.0
2012-02-02,11.52,11.64,11.09,11.57,914700.0,0.0,1.0,11.52,11.64,11.09,11.57,914700.0
2012-02-01,10.6,11.59,10.55,11.43,1149300.0,0.0,1.0,10.6,11.59,10.55,11.43,1149300.0
2012-01-31,10.4,10.5782,10.15,10.5,747100.0,0.0,1.0,10.4,10.5782,10.15,10.5,747100.0
2012-01-30,9.93,10.48,9.82,10.33,940200.0,0.0,1.0,9.93,10.48,9.82,10.33,940200.0
2012-01-27,9.54,10.17,9.51,10.04,1206200.0,0.0,1.0,9.54,10.17,9.51,10.04,1206200.0
2012-01-26,9.61,9.9,9.45,9.6,1189700.0,0.0,1.0,9.61,9.9,9.45,9.6,1189700.0
2012-01-25,9.65,9.68,9.35,9.56,978500.0,0.0,1.0,9.65,9.68,9.35,9.56,978500.0
2012-01-24,9.72,9.81,9.61,9.65,709100.0,0.0,1.0,9.72,9.81,9.61,9.65,709100.0
2012-01-23,9.9,9.95,9.73,9.81,657100.0,0.0,1.0,9.9,9.95,9.73,9.81,657100.0
2012-01-20,9.74,9.92,9.74,9.92,1046100.0,0.0,1.0,9.74,9.92,9.74,9.92,1046100.0
2012-01-19,9.89,9.9399,9.72,9.8,1364300.0,0.0,1.0,9.89,9.9399,9.72,9.8,1364300.0
2012-01-18,9.92,10.02,9.71,9.85,872400.0,0.0,1.0,9.92,10.02,9.71,9.85,872400.0
2012-01-17,10.12,10.38,9.91,9.95,483400.0,0.0,1.0,10.12,10.38,9.91,9.95,483400.0
2012-01-13,10.06,10.23,9.81,10.06,540800.0,0.0,1.0,10.06,10.23,9.81,10.06,540800.0
2012-01-12,10.41,10.5,10.02,10.19,426900.0,0.0,1.0,10.41,10.5,10.02,10.19,426900.0
2012-01-11,10.19,10.41,10.11,10.34,432900.0,0.0,1.0,10.19,10.41,10.11,10.34,432900.0
2012-01-10,10.44,10.61,10.0,10.23,529300.0,0.0,1.0,10.44,10.61,10.0,10.23,529300.0
2012-01-09,10.86,10.93,10.66,10.67,318900.0,0.0,1.0,10.86,10.93,10.66,10.67,318900.0
2012-01-06,10.52,10.92,10.23,10.85,417200.0,0.0,1.0,10.52,10.92,10.23,10.85,417200.0
2012-01-05,10.52,10.77,10.11,10.5,903700.0,0.0,1.0,10.52,10.77,10.11,10.5,903700.0
2012-01-04,11.11,11.25,10.49,10.53,507100.0,0.0,1.0,11.11,11.25,10.49,10.53,507100.0
2012-01-03,11.22,11.42,10.88,11.18,405400.0,0.0,1.0,11.22,11.42,10.88,11.18,405400.0
2011-12-30,10.61,11.04,10.61,10.91,180000.0,0.0,1.0,10.61,11.04,10.61,10.91,180000.0
2011-12-29,10.57,10.89,10.51,10.66,251700.0,0.0,1.0,10.57,10.89,10.51,10.66,251700.0
2011-12-28,11.06,11.11,10.54,10.55,255600.0,0.0,1.0,11.06,11.11,10.54,10.55,255600.0
2011-12-27,10.86,11.32,10.81,11.1,272900.0,0.0,1.0,10.86,11.32,10.81,11.1,272900.0
2011-12-23,11.57,11.57,10.82,10.91,334400.0,0.0,1.0,11.57,11.57,10.82,10.91,334400.0
2011-12-22,10.56,11.59,10.37,11.56,511600.0,0.0,1.0,10.56,11.59,10.37,11.56,511600.0
2011-12-21,10.3,10.56,10.09,10.54,281000.0,0.0,1.0,10.3,10.56,10.09,10.54,281000.0
2011-12-20,10.2,10.62,10.02,10.33,549700.0,0.0,1.0,10.2,10.62,10.02,10.33,549700.0
2011-12-19,10.44,10.55,9.98,10.02,331500.0,0.0,1.0,10.44,10.55,9.98,10.02,331500.0
2011-12-16,10.57,10.75,10.185,10.39,643800.0,0.0,1.0,10.57,10.75,10.185,10.39,643800.0
2011-12-15,10.52,10.94,10.32,10.49,585300.0,0.0,1.0,10.52,10.94,10.32,10.49,585300.0
2011-12-14,9.98,10.4,9.83,10.38,449700.0,0.0,1.0,9.98,10.4,9.83,10.38,449700.0
2011-12-13,10.43,10.6,9.95,10.06,470500.0,0.0,1.0,10.43,10.6,9.95,10.06,470500.0
2011-12-12,10.5,10.56,10.15,10.32,548100.0,0.0,1.0,10.5,10.56,10.15,10.32,548100.0
2011-12-09,10.63,11.18,10.55,10.67,792000.0,0.0,1.0,10.63,11.18,10.55,10.67,792000.0
2011-12-08,11.33,11.74,10.46,10.48,494600.0,0.0,1.0,11.33,11.74,10.46,10.48,494600.0
2011-12-07,11.52,11.54,11.2,11.45,645900.0,0.0,1.0,11.52,11.54,11.2,11.45,645900.0
2011-12-06,11.97,12.02,11.51,11.6,318100.0,0.0,1.0,11.97,12.02,11.51,11.6,318100.0
2011-12-05,12.5,12.5,11.71,11.93,428600.0,0.0,1.0,12.5,12.5,11.71,11.93,428600.0
2011-12-02,12.0,12.45,11.83,12.28,970800.0,0.0,1.0,12.0,12.45,11.83,12.28,970800.0
2011-12-01,11.74,12.11,11.36,11.82,445700.0,0.0,1.0,11.74,12.11,11.36,11.82,445700.0
2011-11-30,10.81,11.925,10.81,11.87,615700.0,0.0,1.0,10.81,11.925,10.81,11.87,615700.0
2011-11-29,10.79,10.87,10.35,10.47,201700.0,0.0,1.0,10.79,10.87,10.35,10.47,201700.0
2011-11-28,10.13,10.7999,10.13,10.74,346300.0,0.0,1.0,10.13,10.7999,10.13,10.74,346300.0
2011-11-25,10.14,10.35,9.76,9.78,198700.0,0.0,1.0,10.14,10.35,9.76,9.78,198700.0
2011-11-23,10.32,10.41,10.13,10.16,350300.0,0.0,1.0,10.32,10.41,10.13,10.16,350300.0
2011-11-22,11.07,11.07,10.335,10.37,454900.0,0.0,1.0,11.07,11.07,10.335,10.37,454900.0
2011-11-21,11.65,12.06,10.97,11.08,585200.0,0.0,1.0,11.65,12.06,10.97,11.08,585200.0
2011-11-18,11.69,12.07,11.61,11.88,333800.0,0.0,1.0,11.69,12.07,11.61,11.88,333800.0
2011-11-17,11.39,11.64,11.2501,11.59,617800.0,0.0,1.0,11.39,11.64,11.2501,11.59,617800.0
2011-11-16,11.7,11.89,11.38,11.44,465400.0,0.0,1.0,11.7,11.89,11.38,11.44,465400.0
2011-11-15,11.52,12.04,11.23,11.8,513500.0,0.0,1.0,11.52,12.04,11.23,11.8,513500.0
2011-11-14,12.54,12.79,11.46,11.57,751800.0,0.0,1.0,12.54,12.79,11.46,11.57,751800.0
2011-11-11,11.85,12.8,11.78,12.53,849600.0,0.0,1.0,11.85,12.8,11.78,12.53,849600.0
2011-11-10,11.23,11.85,10.94,11.64,667100.0,0.0,1.0,11.23,11.85,10.94,11.64,667100.0
2011-11-09,11.07,11.32,10.83,11.03,668500.0,0.0,1.0,11.07,11.32,10.83,11.03,668500.0
2011-11-08,10.67,11.5,10.55,11.37,965700.0,0.0,1.0,10.67,11.5,10.55,11.37,965700.0
2011-11-07,9.66,10.615,9.53,10.59,1191300.0,0.0,1.0,9.66,10.615,9.53,10.59,1191300.0
2011-11-04,9.47,9.74,9.39,9.69,504500.0,0.0,1.0,9.47,9.74,9.39,9.69,504500.0
2011-11-03,10.16,10.18,9.123,9.59,966100.0,0.0,1.0,10.16,10.18,9.123,9.59,966100.0
2011-11-02,10.29,10.29,9.9,10.0,1518300.0,0.0,1.0,10.29,10.29,9.9,10.0,1518300.0
2011-11-01,11.0,11.43,9.83,10.06,3252100.0,0.0,1.0,11.0,11.43,9.83,10.06,3252100.0
2011-10-31,13.7,13.94,13.1,13.13,449000.0,0.0,1.0,13.7,13.94,13.1,13.13,449000.0
2011-10-28,13.66,14.32,13.49,13.95,496000.0,0.0,1.0,13.66,14.32,13.49,13.95,496000.0
2011-10-27,14.02,14.4,13.41,13.71,761900.0,0.0,1.0,14.02,14.4,13.41,13.71,761900.0
2011-10-26,13.91,14.74,13.42,14.56,636000.0,0.0,1.0,13.91,14.74,13.42,14.56,636000.0
2011-10-25,13.62,13.84,13.33,13.58,393600.0,0.0,1.0,13.62,13.84,13.33,13.58,393600.0
2011-10-24,13.14,13.8555,13.14,13.7,454000.0,0.0,1.0,13.14,13.8555,13.14,13.7,454000.0
2011-10-21,12.95,13.31,12.67,13.04,340900.0,0.0,1.0,12.95,13.31,12.67,13.04,340900.0
2011-10-20,13.01,13.33,12.1,12.69,545500.0,0.0,1.0,13.01,13.33,12.1,12.69,545500.0
2011-10-19,13.72,13.85,12.86,13.04,293300.0,0.0,1.0,13.72,13.85,12.86,13.04,293300.0
2011-10-18,13.46,13.97,13.34,13.69,387700.0,0.0,1.0,13.46,13.97,13.34,13.69,387700.0
2011-10-17,14.03,14.21,13.39,13.44,284800.0,0.0,1.0,14.03,14.21,13.39,13.44,284800.0
2011-10-14,13.82,14.29,13.71,14.18,390700.0,0.0,1.0,13.82,14.29,13.71,14.18,390700.0
2011-10-13,13.5,13.82,12.91,13.66,375900.0,0.0,1.0,13.5,13.82,12.91,13.66,375900.0
2011-10-12,13.22,14.4598,13.09,13.62,814800.0,0.0,1.0,13.22,14.4598,13.09,13.62,814800.0
2011-10-11,12.22,13.2,12.22,13.19,284100.0,0.0,1.0,12.22,13.2,12.22,13.19,284100.0
2011-10-10,12.07,12.55,11.9,12.35,418200.0,0.0,1.0,12.07,12.55,11.9,12.35,418200.0
2011-10-07,12.69,12.69,11.51,11.83,568000.0,0.0,1.0,12.69,12.69,11.51,11.83,568000.0
2011-10-06,12.21,12.76,11.83,12.65,693700.0,0.0,1.0,12.21,12.76,11.83,12.65,693700.0
2011-10-05,11.61,12.4599,11.19,12.21,973400.0,0.0,1.0,11.61,12.4599,11.19,12.21,973400.0
2011-10-04,12.51,12.51,10.34,11.53,2234200.0,0.0,1.0,12.51,12.51,10.34,11.53,2234200.0
2011-10-03,14.65,14.65,12.8,13.4,920400.0,0.0,1.0,14.65,14.65,12.8,13.4,920400.0
2011-09-30,14.59,15.12,14.37,14.82,485500.0,0.0,1.0,14.59,15.12,14.37,14.82,485500.0
2011-09-29,14.04,15.0,13.8,14.99,523700.0,0.0,1.0,14.04,15.0,13.8,14.99,523700.0
2011-09-28,14.35,14.48,13.66,13.66,249000.0,0.0,1.0,14.35,14.48,13.66,13.66,249000.0
2011-09-27,14.56,14.97,14.12,14.28,500400.0,0.0,1.0,14.56,14.97,14.12,14.28,500400.0
2011-09-26,13.96,14.2,13.58,14.17,317300.0,0.0,1.0,13.96,14.2,13.58,14.17,317300.0
2011-09-23,13.29,14.09,13.29,13.79,333500.0,0.0,1.0,13.29,14.09,13.29,13.79,333500.0
2011-09-22,12.75,13.39,12.642000000000001,13.29,463100.0,0.0,1.0,12.75,13.39,12.642000000000001,13.29,463100.0
2011-09-21,14.35,14.61,13.39,13.43,432200.0,0.0,1.0,14.35,14.61,13.39,13.43,432200.0
2011-09-20,15.26,15.26,14.27,14.3,423800.0,0.0,1.0,15.26,15.26,14.27,14.3,423800.0
2011-09-19,16.0,16.023,15.07,15.16,426600.0,0.0,1.0,16.0,16.023,15.07,15.16,426600.0
2011-09-16,16.47,16.6,16.11,16.27,317400.0,0.0,1.0,16.47,16.6,16.11,16.27,317400.0
2011-09-15,16.04,16.35,15.81,16.33,247700.0,0.0,1.0,16.04,16.35,15.81,16.33,247700.0
2011-09-14,15.86,16.09,15.21,15.82,337000.0,0.0,1.0,15.86,16.09,15.21,15.82,337000.0
2011-09-13,15.8,16.055,15.32,15.65,419100.0,0.0,1.0,15.8,16.055,15.32,15.65,419100.0
2011-09-12,15.07,15.77,15.06,15.74,566700.0,0.0,1.0,15.07,15.77,15.06,15.74,566700.0
2011-09-09,16.36,16.439,15.47,15.54,457300.0,0.0,1.0,16.36,16.439,15.47,15.54,457300.0
2011-09-08,17.61,17.76,16.46,16.52,595400.0,0.0,1.0,17.61,17.76,16.46,16.52,595400.0
2011-09-07,15.62,18.2,15.3,17.88,1028300.0,0.0,1.0,15.62,18.2,15.3,17.88,1028300.0
2011-09-06,14.87,15.31,14.78,15.25,313800.0,0.0,1.0,14.87,15.31,14.78,15.25,313800.0
2011-09-02,16.14,16.14,15.36,15.37,382600.0,0.0,1.0,16.14,16.14,15.36,15.37,382600.0
2011-09-01,17.02,17.23,16.3,16.42,367200.0,0.0,1.0,17.02,17.23,16.3,16.42,367200.0
2011-08-31,16.96,17.3092,16.81,16.97,390400.0,0.0,1.0,16.96,17.3092,16.81,16.97,390400.0
2011-08-30,16.8,17.2,16.53,16.75,377800.0,0.0,1.0,16.8,17.2,16.53,16.75,377800.0
2011-08-29,16.37,17.02,16.37,16.82,679900.0,0.0,1.0,16.37,17.02,16.37,16.82,679900.0
2011-08-26,15.55,16.22,15.26,16.08,409300.0,0.0,1.0,15.55,16.22,15.26,16.08,409300.0
2011-08-25,15.95,16.162,15.55,15.64,360300.0,0.0,1.0,15.95,16.162,15.55,15.64,360300.0
2011-08-24,15.76,16.0299,15.5,15.83,540500.0,0.0,1.0,15.76,16.0299,15.5,15.83,540500.0
2011-08-23,15.21,15.77,14.94,15.76,353600.0,0.0,1.0,15.21,15.77,14.94,15.76,353600.0
2011-08-22,15.97,16.1,14.95,15.05,551900.0,0.0,1.0,15.97,16.1,14.95,15.05,551900.0
2011-08-19,15.23,15.61,15.14,15.46,614000.0,0.0,1.0,15.23,15.61,15.14,15.46,614000.0
2011-08-18,16.21,16.21,15.4,15.49,896900.0,0.0,1.0,16.21,16.21,15.4,15.49,896900.0
2011-08-17,17.16,17.43,16.58,16.78,377200.0,0.0,1.0,17.16,17.43,16.58,16.78,377200.0
2011-08-16,17.06,17.23,16.66,17.04,662400.0,0.0,1.0,17.06,17.23,16.66,17.04,662400.0
2011-08-15,16.95,17.21,16.8,17.19,617700.0,0.0,1.0,16.95,17.21,16.8,17.19,617700.0
2011-08-12,17.03,17.23,16.58,16.64,446200.0,0.0,1.0,17.03,17.23,16.58,16.64,446200.0
2011-08-11,16.05,17.05,15.88,16.81,782600.0,0.0,1.0,16.05,17.05,15.88,16.81,782600.0
2011-08-10,17.12,17.39,15.99,16.01,888700.0,0.0,1.0,17.12,17.39,15.99,16.01,888700.0
2011-08-09,16.94,17.56,16.04,17.54,1039500.0,0.0,1.0,16.94,17.56,16.04,17.54,1039500.0
2011-08-08,18.84,19.83,17.36,17.37,1413100.0,0.0,1.0,18.84,19.83,17.36,17.37,1413100.0
2011-08-05,20.58,20.58,19.2,19.4,1126700.0,0.0,1.0,20.58,20.58,19.2,19.4,1126700.0
2011-08-04,21.6,21.94,20.21,20.22,1313500.0,0.0,1.0,21.6,21.94,20.21,20.22,1313500.0
2011-08-03,22.21,22.7376,21.85,22.02,1041800.0,0.0,1.0,22.21,22.7376,21.85,22.02,1041800.0
2011-08-02,20.78,23.91,20.0504,22.6,2947000.0,0.0,1.0,20.78,23.91,20.0504,22.6,2947000.0
2011-08-01,25.2,25.39,24.01,24.66,607100.0,0.0,1.0,25.2,25.39,24.01,24.66,607100.0
2011-07-29,25.81,26.21,25.71,25.86,317300.0,0.0,1.0,25.81,26.21,25.71,25.86,317300.0
2011-07-28,26.03,26.34,25.91,26.07,254500.0,0.0,1.0,26.03,26.34,25.91,26.07,254500.0
2011-07-27,26.94,27.0597,26.01,26.12,271900.0,0.0,1.0,26.94,27.0597,26.01,26.12,271900.0
2011-07-26,26.69,27.28,26.35,27.04,258300.0,0.0,1.0,26.69,27.28,26.35,27.04,258300.0
2011-07-25,26.23,27.2,26.03,26.68,571400.0,0.0,1.0,26.23,27.2,26.03,26.68,571400.0
2011-07-22,26.38,26.59,25.87,26.5,208800.0,0.0,1.0,26.38,26.59,25.87,26.5,208800.0
2011-07-21,26.14,26.45,26.0,26.38,262100.0,0.0,1.0,26.14,26.45,26.0,26.38,262100.0
2011-07-20,25.92,26.1,25.59,26.0,264100.0,0.0,1.0,25.92,26.1,25.59,26.0,264100.0
2011-07-19,26.06,26.1,25.51,25.75,408200.0,0.0,1.0,26.06,26.1,25.51,25.75,408200.0
2011-07-18,26.55,26.89,26.3,26.42,312300.0,0.0,1.0,26.55,26.89,26.3,26.42,312300.0
2011-07-15,26.83,27.08,26.33,26.56,229800.0,0.0,1.0,26.83,27.08,26.33,26.56,229800.0
2011-07-14,27.39,27.44,26.65,26.74,244400.0,0.0,1.0,27.39,27.44,26.65,26.74,244400.0
2011-07-13,27.12,27.5,27.08,27.34,191600.0,0.0,1.0,27.12,27.5,27.08,27.34,191600.0
2011-07-12,26.46,27.425,26.26,27.0,205300.0,0.0,1.0,26.46,27.425,26.26,27.0,205300.0
2011-07-11,26.9,27.01,26.36,26.51,244800.0,0.0,1.0,26.9,27.01,26.36,26.51,244800.0
2011-07-08,27.21,27.46,26.87,27.29,208400.0,0.0,1.0,27.21,27.46,26.87,27.29,208400.0
2011-07-07,27.26,27.76,26.95,27.55,401700.0,0.0,1.0,27.26,27.76,26.95,27.55,401700.0
2011-07-06,26.86,27.49,26.46,27.21,718100.0,0.0,1.0,26.86,27.49,26.46,27.21,718100.0
2011-07-05,27.34,27.34,26.61,26.75,368200.0,0.0,1.0,27.34,27.34,26.61,26.75,368200.0
2011-07-01,26.67,27.34,26.34,27.34,273100.0,0.0,1.0,26.67,27.34,26.34,27.34,273100.0
2011-06-30,26.2,27.01,26.16,26.63,371200.0,0.0,1.0,26.2,27.01,26.16,26.63,371200.0
2011-06-29,26.02,26.44,25.73,26.06,239700.0,0.0,1.0,26.02,26.44,25.73,26.06,239700.0
2011-06-28,25.75,26.0262,25.42,25.89,217200.0,0.0,1.0,25.75,26.0262,25.42,25.89,217200.0
2011-06-27,25.22,25.71,24.97,25.63,263700.0,0.0,1.0,25.22,25.71,24.97,25.63,263700.0
2011-06-24,26.21,26.21,25.03,25.28,1263800.0,0.0,1.0,26.21,26.21,25.03,25.28,1263800.0
2011-06-23,25.67,25.84,24.9,25.73,433400.0,0.0,1.0,25.67,25.84,24.9,25.73,433400.0
2011-06-22,26.29,26.64,25.78,25.8,459200.0,0.0,1.0,26.29,26.64,25.78,25.8,459200.0
2011-06-21,26.4,26.44,25.82,26.31,516600.0,0.0,1.0,26.4,26.44,25.82,26.31,516600.0
2011-06-20,27.35,27.35,26.14,26.22,743500.0,0.0,1.0,27.35,27.35,26.14,26.22,743500.0
2011-06-17,27.69,27.82,26.85,27.66,393400.0,0.0,1.0,27.69,27.82,26.85,27.66,393400.0
2011-06-16,27.25,27.64,26.94,27.49,326100.0,0.0,1.0,27.25,27.64,26.94,27.49,326100.0
2011-06-15,27.31,27.88,27.14,27.24,257800.0,0.0,1.0,27.31,27.88,27.14,27.24,257800.0
2011-06-14,26.87,27.83,26.78,27.5,419000.0,0.0,1.0,26.87,27.83,26.78,27.5,419000.0
2011-06-13,26.58,26.93,26.52,26.65,291000.0,0.0,1.0,26.58,26.93,26.52,26.65,291000.0
2011-06-10,27.96,27.96,25.95,26.58,586700.0,0.0,1.0,27.96,27.96,25.95,26.58,586700.0
2011-06-09,26.67,28.37,26.67,27.95,309800.0,0.0,1.0,26.67,28.37,26.67,27.95,309800.0
2011-06-08,27.5,27.53,26.57,26.64,460800.0,0.0,1.0,27.5,27.53,26.57,26.64,460800.0
2011-06-07,28.0,28.62,27.36,27.545,503200.0,0.0,1.0,28.0,28.62,27.36,27.545,503200.0
2011-06-06,28.43,29.88,27.68,27.98,1012200.0,0.0,1.0,28.43,29.88,27.68,27.98,1012200.0
2011-06-03,29.94,30.59,29.9,30.22,561300.0,0.0,1.0,29.94,30.59,29.9,30.22,561300.0
2011-06-02,30.82,31.04,30.15,30.49,285100.0,0.0,1.0,30.82,31.04,30.15,30.49,285100.0
2011-06-01,31.07,31.34,30.81,30.9,303900.0,0.0,1.0,31.07,31.34,30.81,30.9,303900.0
2011-05-31,31.11,31.33,30.97,31.3,300700.0,0.0,1.0,31.11,31.33,30.97,31.3,300700.0
2011-05-27,31.09,31.33,30.79,31.11,245900.0,0.0,1.0,31.09,31.33,30.79,31.11,245900.0
2011-05-26,30.03,31.0905,30.0101,31.02,177600.0,0.0,1.0,30.03,31.0905,30.0101,31.02,177600.0
2011-05-25,30.16,30.47,29.865,30.14,315400.0,0.0,1.0,30.16,30.47,29.865,30.14,315400.0
2011-05-24,30.99,31.0,30.2,30.31,324300.0,0.0,1.0,30.99,31.0,30.2,30.31,324300.0
2011-05-23,31.76,32.06,30.85,30.88,348000.0,0.0,1.0,31.76,32.06,30.85,30.88,348000.0
2011-05-20,33.03,33.23,32.08,32.12,224900.0,0.0,1.0,33.03,33.23,32.08,32.12,224900.0
2011-05-19,32.35,33.31,32.025,33.255,385000.0,0.0,1.0,32.35,33.31,32.025,33.255,385000.0
2011-05-18,32.02,32.24,31.8,32.17,350000.0,0.0,1.0,32.02,32.24,31.8,32.17,350000.0
2011-05-17,32.1,32.39,31.97,32.07,171700.0,0.0,1.0,32.1,32.39,31.97,32.07,171700.0
2011-05-16,32.36,32.55,32.18,32.31,171500.0,0.0,1.0,32.36,32.55,32.18,32.31,171500.0
2011-05-13,32.93,33.0,32.24,32.6,241000.0,0.0,1.0,32.93,33.0,32.24,32.6,241000.0
2011-05-12,32.61,33.07,32.18,32.98,126000.0,0.0,1.0,32.61,33.07,32.18,32.98,126000.0
2011-05-11,33.28,33.57,32.57,32.71,182100.0,0.0,1.0,33.28,33.57,32.57,32.71,182100.0
2011-05-10,32.69,33.73,32.6301,33.41,381000.0,0.0,1.0,32.69,33.73,32.6301,33.41,381000.0
2011-05-09,32.52,32.72,32.13,32.64,172000.0,0.0,1.0,32.52,32.72,32.13,32.64,172000.0
2011-05-06,33.43,33.51,32.49,32.65,207000.0,0.0,1.0,33.43,33.51,32.49,32.65,207000.0
2011-05-05,32.78,33.65,32.65,33.1,230000.0,0.0,1.0,32.78,33.65,32.65,33.1,230000.0
2011-05-04,33.85,34.0756,32.98,33.08,210100.0,0.0,1.0,33.85,34.0756,32.98,33.08,210100.0
2011-05-03,33.65,34.22,33.4,33.81,309500.0,0.0,1.0,33.65,34.22,33.4,33.81,309500.0
2011-05-02,33.25,34.42,32.78,34.08,481400.0,0.0,1.0,33.25,34.42,32.78,34.08,481400.0
2011-04-29,33.75,33.89,33.24,33.32,435000.0,0.0,1.0,33.75,33.89,33.24,33.32,435000.0
2011-04-28,35.16,35.59,33.87,34.3,533600.0,0.0,1.0,35.16,35.59,33.87,34.3,533600.0
2011-04-27,34.11,35.5,34.11,35.18,447500.0,0.0,1.0,34.11,35.5,34.11,35.18,447500.0
2011-04-26,32.14,34.33,31.87,34.28,1100000.0,0.0,1.0,32.14,34.33,31.87,34.28,1100000.0
2011-04-25,33.53,33.9,33.03,33.03,267200.0,0.0,1.0,33.53,33.9,33.03,33.03,267200.0
2011-04-21,34.1,34.21,33.65,33.66,129300.0,0.0,1.0,34.1,34.21,33.65,33.66,129300.0
2011-04-20,34.27,34.45,33.88,34.0,293100.0,0.0,1.0,34.27,34.45,33.88,34.0,293100.0
2011-04-19,33.78,34.27,33.51,33.99,357300.0,0.0,1.0,33.78,34.27,33.51,33.99,357300.0
2011-04-18,34.59,34.63,33.59,33.76,486500.0,0.0,1.0,34.59,34.63,33.59,33.76,486500.0
2011-04-15,33.6,34.56,33.6,34.56,315000.0,0.0,1.0,33.6,34.56,33.6,34.56,315000.0
2011-04-14,33.64,33.78,33.36,33.78,424800.0,0.0,1.0,33.64,33.78,33.36,33.78,424800.0
2011-04-13,33.23,33.73,33.03,33.62,730400.0,0.0,1.0,33.23,33.73,33.03,33.62,730400.0
2011-04-12,32.02,33.06,31.72,33.03,481800.0,0.0,1.0,32.02,33.06,31.72,33.03,481800.0
2011-04-11,32.48,32.75,31.9,32.46,252600.0,0.0,1.0,32.48,32.75,31.9,32.46,252600.0
2011-04-08,33.52,33.52,32.07,32.42,358300.0,0.0,1.0,33.52,33.52,32.07,32.42,358300.0
2011-04-07,32.34,34.18,32.23,33.32,493400.0,0.0,1.0,32.34,34.18,32.23,33.32,493400.0
2011-04-06,32.37,32.56,31.86,32.41,627100.0,0.0,1.0,32.37,32.56,31.86,32.41,627100.0
2011-04-05,32.25,32.82,32.06,32.19,216800.0,0.0,1.0,32.25,32.82,32.06,32.19,216800.0
2011-04-04,32.75,32.85,31.83,32.52,390500.0,0.0,1.0,32.75,32.85,31.83,32.52,390500.0
2011-04-01,35.04,35.05,32.4,32.73,989600.0,0.0,1.0,35.04,35.05,32.4,32.73,989600.0
2011-03-31,34.94,36.24,34.71,35.0,1118900.0,0.0,1.0,34.94,36.24,34.71,35.0,1118900.0
2011-03-30,34.23,35.31,34.23,34.96,227400.0,0.0,1.0,34.23,35.31,34.23,34.96,227400.0
2011-03-29,34.2,34.37,33.98,34.24,246800.0,0.0,1.0,34.2,34.37,33.98,34.24,246800.0
2011-03-28,33.08,34.29,32.86,34.2,251900.0,0.0,1.0,33.08,34.29,32.86,34.2,251900.0
2011-03-25,34.04,34.4,33.01,33.05,476900.0,0.0,1.0,34.04,34.4,33.01,33.05,476900.0
2011-03-24,33.8,34.37,33.75,34.0,201000.0,0.0,1.0,33.8,34.37,33.75,34.0,201000.0
2011-03-23,34.37,34.48,33.22,33.75,355000.0,0.0,1.0,34.37,34.48,33.22,33.75,355000.0
2011-03-22,35.1,35.51,34.2515,34.56,308300.0,0.0,1.0,35.1,35.51,34.2515,34.56,308300.0
2011-03-21,36.0,36.703,34.84,35.14,340900.0,0.0,1.0,36.0,36.703,34.84,35.14,340900.0
2011-03-18,35.0,35.76,34.79,35.73,597600.0,0.0,1.0,35.0,35.76,34.79,35.73,597600.0
2011-03-17,35.56,35.7,34.72,34.75,332600.0,0.0,1.0,35.56,35.7,34.72,34.75,332600.0
2011-03-16,34.97,35.55,34.85,35.05,395400.0,0.0,1.0,34.97,35.55,34.85,35.05,395400.0
2011-03-15,34.88,35.4099,34.61,35.06,360700.0,0.0,1.0,34.88,35.4099,34.61,35.06,360700.0
2011-03-14,35.45,35.98,35.45,35.75,181100.0,0.0,1.0,35.45,35.98,35.45,35.75,181100.0
2011-03-11,35.66,36.13,35.49,35.81,154700.0,0.0,1.0,35.66,36.13,35.49,35.81,154700.0
2011-03-10,36.31,36.41,35.65,35.91,255500.0,0.0,1.0,36.31,36.41,35.65,35.91,255500.0
2011-03-09,36.38,37.24,36.38,36.75,214600.0,0.0,1.0,36.38,37.24,36.38,36.75,214600.0
2011-03-08,35.45,36.81,35.45,36.6,285400.0,0.0,1.0,35.45,36.81,35.45,36.6,285400.0
2011-03-07,34.5019,35.87,34.5019,35.29,213400.0,0.0,1.0,34.5019,35.87,34.5019,35.29,213400.0
2011-03-04,35.61,36.1,34.85,35.41,285300.0,0.0,1.0,35.61,36.1,34.85,35.41,285300.0
2011-03-03,36.01,36.25,35.51,35.76,287600.0,0.0,1.0,36.01,36.25,35.51,35.76,287600.0
2011-03-02,35.24,36.167,35.04,35.71,245000.0,0.0,1.0,35.24,36.167,35.04,35.71,245000.0
2011-03-01,36.1,36.3,35.08,35.37,357100.0,0.0,1.0,36.1,36.3,35.08,35.37,357100.0
2011-02-28,35.45,36.24,35.45,35.92,338700.0,0.0,1.0,35.45,36.24,35.45,35.92,338700.0
2011-02-25,34.42,35.61,34.42,35.32,436400.0,0.0,1.0,34.42,35.61,34.42,35.32,436400.0
2011-02-24,35.0,35.61,34.4,34.48,451400.0,0.0,1.0,35.0,35.61,34.4,34.48,451400.0
2011-02-23,36.89,37.24,34.83,35.02,636700.0,0.0,1.0,36.89,37.24,34.83,35.02,636700.0
2011-02-22,35.04,38.4,34.8,37.09,889600.0,0.0,1.0,35.04,38.4,34.8,37.09,889600.0
2011-02-18,38.87,38.87,37.35,38.08,643000.0,0.0,1.0,38.87,38.87,37.35,38.08,643000.0
2011-02-17,36.61,38.25,35.91,37.8,463700.0,0.0,1.0,36.61,38.25,35.91,37.8,463700.0
2011-02-16,36.05,36.87,36.05,36.86,248300.0,0.0,1.0,36.05,36.87,36.05,36.86,248300.0
2011-02-15,36.07,36.55,35.78,35.98,414100.0,0.0,1.0,36.07,36.55,35.78,35.98,414100.0
2011-02-14,33.59,36.88,33.59,36.25,671600.0,0.0,1.0,33.59,36.88,33.59,36.25,671600.0
2011-02-11,35.01,35.089,34.07,34.47,452400.0,0.0,1.0,35.01,35.089,34.07,34.47,452400.0
2011-02-10,35.29,35.55,34.94,35.23,230100.0,0.0,1.0,35.29,35.55,34.94,35.23,230100.0
2011-02-09,35.97,36.0,35.3578,35.5,300100.0,0.0,1.0,35.97,36.0,35.3578,35.5,300100.0
2011-02-08,34.79,35.94,34.7,35.94,324900.0,0.0,1.0,34.79,35.94,34.7,35.94,324900.0
2011-02-07,34.33,34.8155,34.25,34.7,273200.0,0.0,1.0,34.33,34.8155,34.25,34.7,273200.0
2011-02-04,34.91,34.91,33.99,34.45,298400.0,0.0,1.0,34.91,34.91,33.99,34.45,298400.0
2011-02-03,35.12,35.15,33.69,34.83,552400.0,0.0,1.0,35.12,35.15,33.69,34.83,552400.0
2011-02-02,34.69,35.25,34.17,35.15,333300.0,0.0,1.0,34.69,35.25,34.17,35.15,333300.0
2011-02-01,34.41,34.99,34.0,34.6,345500.0,0.0,1.0,34.41,34.99,34.0,34.6,345500.0
2011-01-31,35.91,35.9799,34.09,34.09,607600.0,0.0,1.0,35.91,35.9799,34.09,34.09,607600.0
2011-01-28,36.25,36.61,35.2501,35.35,484600.0,0.0,1.0,36.25,36.61,35.2501,35.35,484600.0
2011-01-27,34.95,36.93,34.12,36.24,1202800.0,0.0,1.0,34.95,36.93,34.12,36.24,1202800.0
2011-01-26,33.34,33.76,32.72,33.3,342000.0,0.0,1.0,33.34,33.76,32.72,33.3,342000.0
2011-01-25,32.35,33.4299,32.0,32.96,423200.0,0.0,1.0,32.35,33.4299,32.0,32.96,423200.0
2011-01-24,32.07,32.88,31.73,32.06,552600.0,0.0,1.0,32.07,32.88,31.73,32.06,552600.0
2011-01-21,31.23,31.45,31.06,31.38,367300.0,0.0,1.0,31.23,31.45,31.06,31.38,367300.0
2011-01-20,31.0,31.14,30.26,31.01,316200.0,0.0,1.0,31.0,31.14,30.26,31.01,316200.0
2011-01-19,32.08,32.3099,31.07,31.08,394600.0,0.0,1.0,32.08,32.3099,31.07,31.08,394600.0
2011-01-18,33.22,33.22,31.69,32.35,432900.0,0.0,1.0,33.22,33.22,31.69,32.35,432900.0
2011-01-14,32.9,33.56,32.5,33.24,273200.0,0.0,1.0,32.9,33.56,32.5,33.24,273200.0
2011-01-13,33.15,34.21,32.67,33.06,397000.0,0.0,1.0,33.15,34.21,32.67,33.06,397000.0
2011-01-12,34.18,34.19,33.35,33.73,380000.0,0.0,1.0,34.18,34.19,33.35,33.73,380000.0
2011-01-11,34.44,34.44,33.69,34.15,193600.0,0.0,1.0,34.44,34.44,33.69,34.15,193600.0
2011-01-10,34.5,34.5,33.4,34.24,337700.0,0.0,1.0,34.5,34.5,33.4,34.24,337700.0
2011-01-07,34.95,35.2124,34.5,34.72,262000.0,0.0,1.0,34.95,35.2124,34.5,34.72,262000.0
2011-01-06,35.08,35.24,34.863,35.03,322200.0,0.0,1.0,35.08,35.24,34.863,35.03,322200.0
2011-01-05,34.71,35.38,34.33,35.01,340400.0,0.0,1.0,34.71,35.38,34.33,35.01,340400.0
2011-01-04,35.24,35.25,34.0,34.74,544800.0,0.0,1.0,35.24,35.25,34.0,34.74,544800.0
2011-01-03,34.07,35.13,33.75,34.9,506100.0,0.0,1.0,34.07,35.13,33.75,34.9,506100.0
2010-12-31,34.06,34.25,33.5,33.5,259700.0,0.0,1.0,34.06,34.25,33.5,33.5,259700.0
2010-12-30,33.82,34.4,33.49,34.25,259400.0,0.0,1.0,33.82,34.4,33.49,34.25,259400.0
2010-12-29,33.49,34.11,32.63,33.7,333600.0,0.0,1.0,33.49,34.11,32.63,33.7,333600.0
2010-12-28,32.62,32.73,32.04,32.46,299300.0,0.0,1.0,32.62,32.73,32.04,32.46,299300.0
2010-12-27,33.03,33.2,32.59,32.69,198600.0,0.0,1.0,33.03,33.2,32.59,32.69,198600.0
2010-12-23,32.64,33.48,32.29,33.03,312100.0,0.0,1.0,32.64,33.48,32.29,33.03,312100.0
2010-12-22,33.11,33.18,32.08,32.55,456700.0,0.0,1.0,33.11,33.18,32.08,32.55,456700.0
2010-12-21,31.3,33.32,31.3,32.87,1410000.0,0.0,1.0,31.3,33.32,31.3,32.87,1410000.0
2010-12-20,27.91,29.5,27.76,29.23,790800.0,0.0,1.0,27.91,29.5,27.76,29.23,790800.0
2010-12-17,27.25,27.77,26.76,27.5,1237300.0,0.0,1.0,27.25,27.77,26.76,27.5,1237300.0
2010-12-16,27.07,27.32,26.95,27.28,300100.0,0.0,1.0,27.07,27.32,26.95,27.28,300100.0
2010-12-15,27.33,27.79,26.97,27.14,338200.0,0.0,1.0,27.33,27.79,26.97,27.14,338200.0
2010-12-14,27.61,27.92,27.3,27.41,394400.0,0.0,1.0,27.61,27.92,27.3,27.41,394400.0
2010-12-13,27.98,28.38,27.58,27.6,313500.0,0.0,1.0,27.98,28.38,27.58,27.6,313500.0
2010-12-10,27.14,27.83,26.97,27.61,724600.0,0.0,1.0,27.14,27.83,26.97,27.61,724600.0
2010-12-09,27.08,27.15,26.79,26.8,200200.0,0.0,1.0,27.08,27.15,26.79,26.8,200200.0
2010-12-08,27.47,27.7,26.75,26.86,375800.0,0.0,1.0,27.47,27.7,26.75,26.86,375800.0
2010-12-07,27.7,28.0081,27.32,27.495,210500.0,0.0,1.0,27.7,28.0081,27.32,27.495,210500.0
2010-12-06,27.36,27.73,27.26,27.5,194500.0,0.0,1.0,27.36,27.73,27.26,27.5,194500.0
2010-12-03,28.25,28.4,27.3,27.53,417200.0,0.0,1.0,28.25,28.4,27.3,27.53,417200.0
2010-12-02,29.04,29.32,28.2,28.49,326500.0,0.0,1.0,29.04,29.32,28.2,28.49,326500.0
2010-12-01,28.8,29.359,28.53,28.76,210300.0,0.0,1.0,28.8,29.359,28.53,28.76,210300.0
2010-11-30,28.89,29.16,28.25,28.38,329900.0,0.0,1.0,28.89,29.16,28.25,28.38,329900.0
2010-11-29,28.86,29.45,28.52,28.99,240200.0,0.0,1.0,28.86,29.45,28.52,28.99,240200.0
2010-11-26,29.07,29.439,29.0,29.0,59000.0,0.0,1.0,29.07,29.439,29.0,29.0,59000.0
2010-11-24,28.96,29.57,28.93,29.27,195900.0,0.0,1.0,28.96,29.57,28.93,29.27,195900.0
2010-11-23,29.37,29.39,28.27,28.82,372400.0,0.0,1.0,29.37,29.39,28.27,28.82,372400.0
2010-11-22,28.45,30.21,28.3,29.56,851000.0,0.0,1.0,28.45,30.21,28.3,29.56,851000.0
2010-11-19,28.5,28.58,28.15,28.45,272100.0,0.0,1.0,28.5,28.58,28.15,28.45,272100.0
2010-11-18,28.38,28.59,28.03,28.57,294000.0,0.0,1.0,28.38,28.59,28.03,28.57,294000.0
2010-11-17,27.9,28.32,27.8301,27.89,182200.0,0.0,1.0,27.9,28.32,27.8301,27.89,182200.0
2010-11-16,27.89,28.27,27.73,27.84,325600.0,0.0,1.0,27.89,28.27,27.73,27.84,325600.0
2010-11-15,28.31,28.31,27.71,28.16,269700.0,0.0,1.0,28.31,28.31,27.71,28.16,269700.0
2010-11-12,28.29,28.57,27.85,27.86,263100.0,0.0,1.0,28.29,28.57,27.85,27.86,263100.0
2010-11-11,28.38,28.86,28.02,28.53,220600.0,0.0,1.0,28.38,28.86,28.02,28.53,220600.0
2010-11-10,28.03,28.69,27.6109,28.69,247900.0,0.0,1.0,28.03,28.69,27.6109,28.69,247900.0
2010-11-09,27.6,28.62,27.56,27.9,400500.0,0.0,1.0,27.6,28.62,27.56,27.9,400500.0
2010-11-08,27.25,27.9299,27.25,27.68,380900.0,0.0,1.0,27.25,27.9299,27.25,27.68,380900.0
2010-11-05,27.2,27.61,27.01,27.22,253600.0,0.0,1.0,27.2,27.61,27.01,27.22,253600.0
2010-11-04,27.4,27.49,26.7,27.17,368500.0,0.0,1.0,27.4,27.49,26.7,27.17,368500.0
2010-11-03,28.0,28.19,26.28,27.0,729500.0,0.0,1.0,28.0,28.19,26.28,27.0,729500.0
2010-11-02,26.07,28.276,26.07,28.11,719500.0,0.0,1.0,26.07,28.276,26.07,28.11,719500.0
2010-11-01,25.59,26.4,25.57,25.83,305700.0,0.0,1.0,25.59,26.4,25.57,25.83,305700.0
2010-10-29,26.21,26.24,25.33,25.46,443900.0,0.0,1.0,26.21,26.24,25.33,25.46,443900.0
2010-10-28,25.68,26.6,25.45,26.26,377700.0,0.0,1.0,25.68,26.6,25.45,26.26,377700.0
2010-10-27,26.76,27.5,25.07,25.63,835300.0,0.0,1.0,26.76,27.5,25.07,25.63,835300.0
2010-10-26,24.99,27.36,24.14,27.0,1180800.0,0.0,1.0,24.99,27.36,24.14,27.0,1180800.0
2010-10-25,25.17,26.22,25.17,25.3,476500.0,0.0,1.0,25.17,26.22,25.17,25.3,476500.0
2010-10-22,24.94,25.33,24.94,25.1,300100.0,0.0,1.0,24.94,25.33,24.94,25.1,300100.0
2010-10-21,25.26,25.58,24.6,24.94,448900.0,0.0,1.0,25.26,25.58,24.6,24.94,448900.0
2010-10-20,25.25,25.74,24.98,25.12,311100.0,0.0,1.0,25.25,25.74,24.98,25.12,311100.0
2010-10-19,25.84,25.84,24.8,25.15,485100.0,0.0,1.0,25.84,25.84,24.8,25.15,485100.0
2010-10-18,25.92,26.2,25.66,26.0,514700.0,0.0,1.0,25.92,26.2,25.66,26.0,514700.0
2010-10-15,26.77,26.9,25.68,25.96,570100.0,0.0,1.0,26.77,26.9,25.68,25.96,570100.0
2010-10-14,27.06,27.54,25.96,26.49,489700.0,0.0,1.0,27.06,27.54,25.96,26.49,489700.0
2010-10-13,27.81,28.33,26.6,27.04,540000.0,0.0,1.0,27.81,28.33,26.6,27.04,540000.0
2010-10-12,26.92,27.84,26.61,27.76,533400.0,0.0,1.0,26.92,27.84,26.61,27.76,533400.0
2010-10-11,25.54,27.26,25.54,27.09,852800.0,0.0,1.0,25.54,27.26,25.54,27.09,852800.0
2010-10-08,24.74,25.69,24.73,25.61,473400.0,0.0,1.0,24.74,25.69,24.73,25.61,473400.0
2010-10-07,24.03,24.73,24.03,24.68,383100.0,0.0,1.0,24.03,24.73,24.03,24.68,383100.0
2010-10-06,24.2,24.44,23.83,24.01,558600.0,0.0,1.0,24.2,24.44,23.83,24.01,558600.0
2010-10-05,23.65,24.23,23.52,24.16,650600.0,0.0,1.0,23.65,24.23,23.52,24.16,650600.0
2010-10-04,23.42,23.88,23.27,23.47,558600.0,0.0,1.0,23.42,23.88,23.27,23.47,558600.0
2010-10-01,23.92,23.97,22.93,23.53,736900.0,0.0,1.0,23.92,23.97,22.93,23.53,736900.0
2010-09-30,24.33,24.42,23.55,23.8,637900.0,0.0,1.0,24.33,24.42,23.55,23.8,637900.0
2010-09-29,23.91,24.755,23.81,24.11,1042100.0,0.0,1.0,23.91,24.755,23.81,24.11,1042100.0
2010-09-28,25.67,26.4499,23.52,24.02,3363400.0,0.0,1.0,25.67,26.4499,23.52,24.02,3363400.0
2010-09-27,26.8,28.61,26.76,28.43,588300.0,0.0,1.0,26.8,28.61,26.76,28.43,588300.0
2010-09-24,27.58,28.22,26.6,26.89,458500.0,0.0,1.0,27.58,28.22,26.6,26.89,458500.0
2010-09-23,28.94,28.94,27.2,27.41,736000.0,0.0,1.0,28.94,28.94,27.2,27.41,736000.0
2010-09-22,29.51,29.98,28.84,29.26,458100.0,0.0,1.0,29.51,29.98,28.84,29.26,458100.0
2010-09-21,29.0,33.79,28.51,29.67,1391500.0,0.0,1.0,29.0,33.79,28.51,29.67,1391500.0
2010-09-20,27.57,29.08,27.27,28.94,626400.0,0.0,1.0,27.57,29.08,27.27,28.94,626400.0
2010-09-17,28.19,28.32,27.02,27.38,970000.0,0.0,1.0,28.19,28.32,27.02,27.38,970000.0
2010-09-16,26.1,28.24,26.08,28.03,1506900.0,0.0,1.0,26.1,28.24,26.08,28.03,1506900.0
2010-09-15,24.22,26.1261,24.2,26.01,791200.0,0.0,1.0,24.22,26.1261,24.2,26.01,791200.0
2010-09-14,24.35,24.6,24.08,24.5,424600.0,0.0,1.0,24.35,24.6,24.08,24.5,424600.0
2010-09-13,24.26,24.75,24.16,24.51,626400.0,0.0,1.0,24.26,24.75,24.16,24.51,626400.0
2010-09-10,24.34,24.38,23.95,24.02,337600.0,0.0,1.0,24.34,24.38,23.95,24.02,337600.0
2010-09-09,24.2,24.63,23.99,24.28,367200.0,0.0,1.0,24.2,24.63,23.99,24.28,367200.0
2010-09-08,24.15,24.36,23.69,24.03,428600.0,0.0,1.0,24.15,24.36,23.69,24.03,428600.0
2010-09-07,24.83,24.83,23.99,24.08,359900.0,0.0,1.0,24.83,24.83,23.99,24.08,359900.0
2010-09-03,24.63,25.08,24.55,24.96,425700.0,0.0,1.0,24.63,25.08,24.55,24.96,425700.0
2010-09-02,23.72,24.48,23.41,24.43,545800.0,0.0,1.0,23.72,24.48,23.41,24.43,545800.0
2010-09-01,23.35,23.85,23.1206,23.82,556200.0,0.0,1.0,23.35,23.85,23.1206,23.82,556200.0
2010-08-31,23.95,24.0,22.995,23.15,832500.0,0.0,1.0,23.95,24.0,22.995,23.15,832500.0
2010-08-30,24.8,25.07,24.04,24.04,459300.0,0.0,1.0,24.8,25.07,24.04,24.04,459300.0
2010-08-27,24.65,24.97,24.0,24.85,464700.0,0.0,1.0,24.65,24.97,24.0,24.85,464700.0
2010-08-26,25.24,25.35,24.46,24.48,457500.0,0.0,1.0,25.24,25.35,24.46,24.48,457500.0
2010-08-25,23.64,25.18,23.58,24.97,866000.0,0.0,1.0,23.64,25.18,23.58,24.97,866000.0
2010-08-24,23.22,23.69,23.02,23.52,424600.0,0.0,1.0,23.22,23.69,23.02,23.52,424600.0
2010-08-23,23.78,24.27,23.31,23.46,646900.0,0.0,1.0,23.78,24.27,23.31,23.46,646900.0
2010-08-20,23.18,23.8,23.15,23.58,609600.0,0.0,1.0,23.18,23.8,23.15,23.58,609600.0
2010-08-19,23.67,23.79,22.82,23.31,585100.0,0.0,1.0,23.67,23.79,22.82,23.31,585100.0
2010-08-18,23.96,24.05,23.65,23.79,535200.0,0.0,1.0,23.96,24.05,23.65,23.79,535200.0
2010-08-17,24.23,24.58,23.96,23.99,611200.0,0.0,1.0,24.23,24.58,23.96,23.99,611200.0
2010-08-16,23.75,24.03,23.59,23.94,611000.0,0.0,1.0,23.75,24.03,23.59,23.94,611000.0
2010-08-13,24.37,24.39,23.86,23.87,662800.0,0.0,1.0,24.37,24.39,23.86,23.87,662800.0
2010-08-12,23.8,24.94,23.56,24.48,680800.0,0.0,1.0,23.8,24.94,23.56,24.48,680800.0
2010-08-11,24.34,24.7462,23.76,24.18,1324800.0,0.0,1.0,24.34,24.7462,23.76,24.18,1324800.0
2010-08-10,26.88,26.91,24.2201,24.68,2115400.0,0.0,1.0,26.88,26.91,24.2201,24.68,2115400.0
2010-08-09,27.42,30.74,26.93,27.12,3341800.0,0.0,1.0,27.42,30.74,26.93,27.12,3341800.0
2010-08-06,26.33,26.99,26.0,26.79,572600.0,0.0,1.0,26.33,26.99,26.0,26.79,572600.0
2010-08-05,26.82,26.95,26.65,26.7,505200.0,0.0,1.0,26.82,26.95,26.65,26.7,505200.0
2010-08-04,27.03,27.12,26.47,26.97,648500.0,0.0,1.0,27.03,27.12,26.47,26.97,648500.0
2010-08-03,26.65,27.35,26.5221,26.82,648900.0,0.0,1.0,26.65,27.35,26.5221,26.82,648900.0
2010-08-02,26.54,27.3,26.38,26.75,920500.0,0.0,1.0,26.54,27.3,26.38,26.75,920500.0
2010-07-30,25.41,26.38,24.64,26.27,1097700.0,0.0,1.0,25.41,26.38,24.64,26.27,1097700.0
2010-07-29,25.93,26.65,25.41,25.52,1020500.0,0.0,1.0,25.93,26.65,25.41,25.52,1020500.0
2010-07-28,25.58,26.5,25.331999999999997,25.67,1331500.0,0.0,1.0,25.58,26.5,25.331999999999997,25.67,1331500.0
2010-07-27,23.75,25.8,23.55,25.69,1981100.0,0.0,1.0,23.75,25.8,23.55,25.69,1981100.0
2010-07-26,23.51,24.5,23.1501,23.5,1497600.0,0.0,1.0,23.51,24.5,23.1501,23.5,1497600.0
2010-07-23,25.0,25.3,22.92,23.46,1965600.0,0.0,1.0,25.0,25.3,22.92,23.46,1965600.0
2010-07-22,25.74,25.89,24.87,25.05,804000.0,0.0,1.0,25.74,25.89,24.87,25.05,804000.0
2010-07-21,26.14,26.52,25.3701,25.47,1022900.0,0.0,1.0,26.14,26.52,25.3701,25.47,1022900.0
2010-07-20,24.82,25.9998,24.41,25.9,1192400.0,0.0,1.0,24.82,25.9998,24.41,25.9,1192400.0
2010-07-19,25.5,25.8,24.5,25.06,1787200.0,0.0,1.0,25.5,25.8,24.5,25.06,1787200.0
2010-07-16,26.65,27.19,25.96,26.02,1275500.0,0.0,1.0,26.65,27.19,25.96,26.02,1275500.0
2010-07-15,25.84,26.97,25.42,26.76,1853700.0,0.0,1.0,25.84,26.97,25.42,26.76,1853700.0
2010-07-14,26.1,26.88,25.02,25.76,3431600.0,0.0,1.0,26.1,26.88,25.02,25.76,3431600.0
2010-07-13,28.99,29.0,24.66,26.57,10285400.0,0.0,1.0,28.99,29.0,24.66,26.57,10285400.0
2010-07-12,35.1,35.59,34.7719,35.02,659700.0,0.0,1.0,35.1,35.59,34.7719,35.02,659700.0
2010-07-09,35.35,36.05,35.03,35.14,435700.0,0.0,1.0,35.35,36.05,35.03,35.14,435700.0
2010-07-08,35.72,35.72,34.96,35.31,1080300.0,0.0,1.0,35.72,35.72,34.96,35.31,1080300.0
2010-07-07,35.25,35.73,34.72,35.295,1453700.0,0.0,1.0,35.25,35.73,34.72,35.295,1453700.0
2010-07-06,37.77,37.95,34.913000000000004,35.78,1272800.0,0.0,1.0,37.77,37.95,34.913000000000004,35.78,1272800.0
2010-07-02,38.61,39.05,35.56,37.8,1473000.0,0.0,1.0,38.61,39.05,35.56,37.8,1473000.0
2010-07-01,38.4,40.0,34.13,39.34,4534200.0,0.0,1.0,38.4,40.0,34.13,39.34,4534200.0
2010-06-30,44.31,44.88,43.73,43.98,536200.0,0.0,1.0,44.31,44.88,43.73,43.98,536200.0
2010-06-29,44.23,45.24,43.468,44.64,434600.0,0.0,1.0,44.23,45.24,43.468,44.64,434600.0
2010-06-28,44.7,45.48,44.31,45.12,309900.0,0.0,1.0,44.7,45.48,44.31,45.12,309900.0
2010-06-25,42.35,44.87,42.22,44.86,647600.0,0.0,1.0,42.35,44.87,42.22,44.86,647600.0
2010-06-24,44.17,44.41,42.21,42.31,453900.0,0.0,1.0,44.17,44.41,42.21,42.31,453900.0
2010-06-23,45.41,46.28,44.3,44.43,250200.0,0.0,1.0,45.41,46.28,44.3,44.43,250200.0
2010-06-22,46.12,47.02,45.45,45.57,200500.0,0.0,1.0,46.12,47.02,45.45,45.57,200500.0
2010-06-21,46.85,47.5593,46.0,46.09,250200.0,0.0,1.0,46.85,47.5593,46.0,46.09,250200.0
2010-06-18,46.71,47.4,46.09,46.47,444600.0,0.0,1.0,46.71,47.4,46.09,46.47,444600.0
2010-06-17,46.62,47.89,46.24,46.86,288600.0,0.0,1.0,46.62,47.89,46.24,46.86,288600.0
2010-06-16,46.54,46.88,46.36,46.71,311900.0,0.0,1.0,46.54,46.88,46.36,46.71,311900.0
2010-06-15,46.9,47.73,46.5,46.98,374600.0,0.0,1.0,46.9,47.73,46.5,46.98,374600.0
2010-06-14,46.85,47.53,46.65,46.9,320700.0,0.0,1.0,46.85,47.53,46.65,46.9,320700.0
2010-06-11,45.02,46.56,44.8119,46.33,192500.0,0.0,1.0,45.02,46.56,44.8119,46.33,192500.0
2010-06-10,45.79,46.0799,45.21,45.86,348100.0,0.0,1.0,45.79,46.0799,45.21,45.86,348100.0
2010-06-09,46.06,46.52,44.84,45.02,476800.0,0.0,1.0,46.06,46.52,44.84,45.02,476800.0
2010-06-08,46.87,47.924,45.35,45.79,456300.0,0.0,1.0,46.87,47.924,45.35,45.79,456300.0
2010-06-07,47.68,48.21,46.74,46.83,339300.0,0.0,1.0,47.68,48.21,46.74,46.83,339300.0
2010-06-04,49.52,50.4,47.34,47.62,370100.0,0.0,1.0,49.52,50.4,47.34,47.62,370100.0
2010-06-03,50.0,50.72,49.95,50.62,162000.0,0.0,1.0,50.0,50.72,49.95,50.62,162000.0
2010-06-02,48.03,49.95,48.03,49.92,384100.0,0.0,1.0,48.03,49.95,48.03,49.92,384100.0
2010-06-01,49.13,50.0,48.41,48.42,391200.0,0.0,1.0,49.13,50.0,48.41,48.42,391200.0
2010-05-28,49.3,49.86,48.6001,49.72,564300.0,0.0,1.0,49.3,49.86,48.6001,49.72,564300.0
2010-05-27,48.79,49.54,48.45,49.54,547900.0,0.0,1.0,48.79,49.54,48.45,49.54,547900.0
2010-05-26,46.88,48.5,46.79,47.87,537300.0,0.0,1.0,46.88,48.5,46.79,47.87,537300.0
2010-05-25,47.17,47.75,45.45,46.82,877100.0,0.0,1.0,47.17,47.75,45.45,46.82,877100.0
2010-05-24,47.89,48.4,46.98,47.77,557300.0,0.0,1.0,47.89,48.4,46.98,47.77,557300.0
2010-05-21,47.3,48.49,46.75,48.16,507900.0,0.0,1.0,47.3,48.49,46.75,48.16,507900.0
2010-05-20,48.86,49.19,47.2935,47.46,848300.0,0.0,1.0,48.86,49.19,47.2935,47.46,848300.0
2010-05-19,48.92,49.5,48.38,48.89,748900.0,0.0,1.0,48.92,49.5,48.38,48.89,748900.0
2010-05-18,50.35,51.12,48.1,49.27,1186700.0,0.0,1.0,50.35,51.12,48.1,49.27,1186700.0
2010-05-17,50.71,50.93,48.54,50.0,863400.0,0.0,1.0,50.71,50.93,48.54,50.0,863400.0
2010-05-14,51.29,51.73,49.2,50.09,1349000.0,0.0,1.0,51.29,51.73,49.2,50.09,1349000.0
2010-05-13,52.01,53.2963,51.11,51.73,3142900.0,0.0,1.0,52.01,53.2963,51.11,51.73,3142900.0
2010-05-12,55.99,56.466,55.3,56.21,384600.0,0.0,1.0,55.99,56.466,55.3,56.21,384600.0
2010-05-11,54.53,55.98,54.4,55.81,464300.0,0.0,1.0,54.53,55.98,54.4,55.81,464300.0
2010-05-10,55.16,56.87,54.41,55.13,347700.0,0.0,1.0,55.16,56.87,54.41,55.13,347700.0
2010-05-07,54.94,54.99,51.295,54.05,950800.0,0.0,1.0,54.94,54.99,51.295,54.05,950800.0
2010-05-06,55.85,57.02,49.67,55.04,621700.0,0.0,1.0,55.85,57.02,49.67,55.04,621700.0
2010-05-05,56.09,56.665,55.0,55.83,311000.0,0.0,1.0,56.09,56.665,55.0,55.83,311000.0
2010-05-04,57.55,58.49,56.11,56.33,554600.0,0.0,1.0,57.55,58.49,56.11,56.33,554600.0
2010-05-03,57.5,58.48,56.95,58.14,313800.0,0.0,1.0,57.5,58.48,56.95,58.14,313800.0
2010-04-30,59.3,59.88,57.58,57.58,429700.0,0.0,1.0,59.3,59.88,57.58,57.58,429700.0
2010-04-29,58.04,59.7,57.99,59.46,774900.0,0.0,1.0,58.04,59.7,57.99,59.46,774900.0
2010-04-28,58.59,60.19,57.69,57.89,915000.0,0.0,1.0,58.59,60.19,57.69,57.89,915000.0
2010-04-27,55.69,60.49,55.62,56.52,2865100.0,0.0,1.0,55.69,60.49,55.62,56.52,2865100.0
2010-04-26,59.96,61.05,59.52,60.5,581600.0,0.0,1.0,59.96,61.05,59.52,60.5,581600.0
2010-04-23,59.05,60.91,58.59,60.62,384400.0,0.0,1.0,59.05,60.91,58.59,60.62,384400.0
2010-04-22,59.0,59.88,57.47,59.31,436100.0,0.0,1.0,59.0,59.88,57.47,59.31,436100.0
2010-04-21,61.27,61.35,59.04,59.42,545600.0,0.0,1.0,61.27,61.35,59.04,59.42,545600.0
2010-04-20,60.74,61.48,60.05,61.47,188000.0,0.0,1.0,60.74,61.48,60.05,61.47,188000.0
2010-04-19,60.16,61.8,59.736999999999995,60.52,272600.0,0.0,1.0,60.16,61.8,59.736999999999995,60.52,272600.0
2010-04-16,61.08,61.7,60.01,60.52,325800.0,0.0,1.0,61.08,61.7,60.01,60.52,325800.0
2010-04-15,63.0,63.34,60.82,60.95,464000.0,0.0,1.0,63.0,63.34,60.82,60.95,464000.0
2010-04-14,61.47,64.283,60.87,62.99,769300.0,0.0,1.0,61.47,64.283,60.87,62.99,769300.0
2010-04-13,58.92,61.6,58.43,60.69,589600.0,0.0,1.0,58.92,61.6,58.43,60.69,589600.0
2010-04-12,57.94,58.88,57.71,58.72,394200.0,0.0,1.0,57.94,58.88,57.71,58.72,394200.0
2010-04-09,56.88,57.7,56.3655,57.47,249900.0,0.0,1.0,56.88,57.7,56.3655,57.47,249900.0
2010-04-08,56.76,57.46,55.88,57.0,285300.0,0.0,1.0,56.76,57.46,55.88,57.0,285300.0
2010-04-07,57.42,57.63,56.75,57.04,267900.0,0.0,1.0,57.42,57.63,56.75,57.04,267900.0
2010-04-06,57.53,57.94,57.01,57.43,377900.0,0.0,1.0,57.53,57.94,57.01,57.43,377900.0
2010-04-05,57.23,58.14,56.59,58.12,501700.0,0.0,1.0,57.23,58.14,56.59,58.12,501700.0
2010-04-01,55.88,56.99,55.5,56.99,450100.0,0.0,1.0,55.88,56.99,55.5,56.99,450100.0
2010-03-31,55.45,55.72,54.89,55.22,379400.0,0.0,1.0,55.45,55.72,54.89,55.22,379400.0
2010-03-30,57.09,58.85,55.42,55.53,709200.0,0.0,1.0,57.09,58.85,55.42,55.53,709200.0
2010-03-29,55.39,56.96,54.76,56.84,695200.0,0.0,1.0,55.39,56.96,54.76,56.84,695200.0
2010-03-26,57.21,57.21,55.05,55.29,1106800.0,0.0,1.0,57.21,57.21,55.05,55.29,1106800.0
2010-03-25,58.19,58.82,57.21,57.33,1086900.0,0.0,1.0,58.19,58.82,57.21,57.33,1086900.0
2010-03-24,60.45,60.55,59.6,60.04,455900.0,0.0,1.0,60.45,60.55,59.6,60.04,455900.0
2010-03-23,61.47,62.0,60.08,60.455,606300.0,0.0,1.0,61.47,62.0,60.08,60.455,606300.0
2010-03-22,61.0,61.66,59.65,61.53,831200.0,0.0,1.0,61.0,61.66,59.65,61.53,831200.0
2010-03-19,60.56,62.72,60.01,61.41,993600.0,0.0,1.0,60.56,62.72,60.01,61.41,993600.0
2010-03-18,59.8,61.8755,59.69,60.27,747200.0,0.0,1.0,59.8,61.8755,59.69,60.27,747200.0
2010-03-17,59.18,60.65,59.18,59.78,433700.0,0.0,1.0,59.18,60.65,59.18,59.78,433700.0
2010-03-16,58.89,59.835,58.52,59.28,446900.0,0.0,1.0,58.89,59.835,58.52,59.28,446900.0
2010-03-15,59.21,59.29,58.24,58.86,300000.0,0.0,1.0,59.21,59.29,58.24,58.86,300000.0
2010-03-12,58.49,59.3,57.54,59.3,602700.0,0.0,1.0,58.49,59.3,57.54,59.3,602700.0
2010-03-11,58.07,58.35,56.78,58.0,761200.0,0.0,1.0,58.07,58.35,56.78,58.0,761200.0
2010-03-10,58.56,58.56,57.51,58.28,847200.0,0.0,1.0,58.56,58.56,57.51,58.28,847200.0
2010-03-09,60.0,60.48,58.2,58.8,754300.0,0.0,1.0,60.0,60.48,58.2,58.8,754300.0
2010-03-08,60.21,60.24,58.55,59.0,944100.0,0.0,1.0,60.21,60.24,58.55,59.0,944100.0
2010-03-05,60.76,61.42,59.88,60.06,861800.0,0.0,1.0,60.76,61.42,59.88,60.06,861800.0
2010-03-04,59.75,60.4,58.98,60.37,886200.0,0.0,1.0,59.75,60.4,58.98,60.37,886200.0
2010-03-03,61.25,62.09,59.58,59.59,911400.0,0.0,1.0,61.25,62.09,59.58,59.59,911400.0
2010-03-02,60.59,61.25,60.3,60.83,1020500.0,0.0,1.0,60.59,61.25,60.3,60.83,1020500.0
2010-03-01,57.51,60.12,57.5,59.87,1004000.0,0.0,1.0,57.51,60.12,57.5,59.87,1004000.0
2010-02-26,57.7,59.36,57.53,57.65,935600.0,0.0,1.0,57.7,59.36,57.53,57.65,935600.0
2010-02-25,58.75,58.99,56.6001,57.48,1138200.0,0.0,1.0,58.75,58.99,56.6001,57.48,1138200.0
2010-02-24,59.66,60.24,58.83,59.26,660200.0,0.0,1.0,59.66,60.24,58.83,59.26,660200.0
2010-02-23,61.51,61.75,57.68,59.18,1521200.0,0.0,1.0,61.51,61.75,57.68,59.18,1521200.0
2010-02-22,61.61,61.61,59.56,60.04,873900.0,0.0,1.0,61.61,61.61,59.56,60.04,873900.0
2010-02-19,60.16,60.9899,59.53,60.4,703400.0,0.0,1.0,60.16,60.9899,59.53,60.4,703400.0
2010-02-18,59.06,61.62,59.06,60.14,708000.0,0.0,1.0,59.06,61.62,59.06,60.14,708000.0
2010-02-17,59.85,60.24,58.5,58.88,1394200.0,0.0,1.0,59.85,60.24,58.5,58.88,1394200.0
2010-02-16,58.73,59.99,58.54,59.8,495500.0,0.0,1.0,58.73,59.99,58.54,59.8,495500.0
2010-02-12,56.61,58.43,56.31,58.43,1346500.0,0.0,1.0,56.61,58.43,56.31,58.43,1346500.0
2010-02-11,56.18,57.23,55.65,57.14,1231500.0,0.0,1.0,56.18,57.23,55.65,57.14,1231500.0
2010-02-10,55.28,56.45,54.27,56.18,1357900.0,0.0,1.0,55.28,56.45,54.27,56.18,1357900.0
2010-02-09,54.99,55.68,53.74,55.26,1440600.0,0.0,1.0,54.99,55.68,53.74,55.26,1440600.0
2010-02-08,53.0,55.46,52.64,53.83,1351200.0,0.0,1.0,53.0,55.46,52.64,53.83,1351200.0
2010-02-05,54.49,54.49,52.0,52.8,1985400.0,0.0,1.0,54.49,54.49,52.0,52.8,1985400.0
2010-02-04,57.1,57.1,53.3419,54.61,1719800.0,0.0,1.0,57.1,57.1,53.3419,54.61,1719800.0
2010-02-03,58.38,58.78,55.56,57.7,1562700.0,0.0,1.0,58.38,58.78,55.56,57.7,1562700.0
2010-02-02,55.5001,58.96,55.5001,58.83,1574600.0,0.0,1.0,55.5001,58.96,55.5001,58.83,1574600.0
2010-02-01,55.25,58.35,53.58,57.07,1736600.0,0.0,1.0,55.25,58.35,53.58,57.07,1736600.0
2010-01-29,55.45,55.55,54.24,54.95,1375000.0,0.0,1.0,55.45,55.55,54.24,54.95,1375000.0
2010-01-28,58.01,58.50899999999999,54.73,55.68,1930900.0,0.0,1.0,58.01,58.50899999999999,54.73,55.68,1930900.0
2010-01-27,56.81,58.09,56.26,57.91,1402400.0,0.0,1.0,56.81,58.09,56.26,57.91,1402400.0
2010-01-26,56.28,57.43,55.0,57.18,1485100.0,0.0,1.0,56.28,57.43,55.0,57.18,1485100.0
2010-01-25,57.97,58.74,53.6,56.23,1765600.0,0.0,1.0,57.97,58.74,53.6,56.23,1765600.0
2010-01-22,57.43,58.845,55.95,56.6,1465200.0,0.0,1.0,57.43,58.845,55.95,56.6,1465200.0
2010-01-21,59.51,60.56,56.3301,57.97,1638400.0,0.0,1.0,59.51,60.56,56.3301,57.97,1638400.0
2010-01-20,60.5,61.75,58.26,59.87,2483800.0,0.0,1.0,60.5,61.75,58.26,59.87,2483800.0
2010-01-19,53.48,57.88,53.0101,57.82,2379900.0,0.0,1.0,53.48,57.88,53.0101,57.82,2379900.0
2010-01-15,54.55,54.69,52.1,53.26,1613700.0,0.0,1.0,54.55,54.69,52.1,53.26,1613700.0
2010-01-14,51.46,54.99,51.0,54.45,1900000.0,0.0,1.0,51.46,54.99,51.0,54.45,1900000.0
2010-01-13,51.25,51.85,50.49,51.31,1095900.0,0.0,1.0,51.25,51.85,50.49,51.31,1095900.0
2010-01-12,51.0,52.25,51.0,51.25,1069800.0,0.0,1.0,51.0,52.25,51.0,51.25,1069800.0
2010-01-11,50.48,52.12,50.06,51.5,1305200.0,0.0,1.0,50.48,52.12,50.06,51.5,1305200.0
2010-01-08,51.0,51.2,49.47,50.12,1180300.0,0.0,1.0,51.0,51.2,49.47,50.12,1180300.0
2010-01-07,49.5,51.29,49.5,50.55,1464700.0,0.0,1.0,49.5,51.29,49.5,50.55,1464700.0
2010-01-06,52.0,52.35,49.54,49.71,1403000.0,0.0,1.0,52.0,52.35,49.54,49.71,1403000.0
2010-01-05,51.62,53.0,51.36,51.96,1794600.0,0.0,1.0,51.62,53.0,51.36,51.96,1794600.0
2010-01-04,49.1,51.4,49.09,50.55,1066700.0,0.0,1.0,49.1,51.4,49.09,50.55,1066700.0
2009-12-31,49.73,50.4199,48.56,48.6,1038400.0,0.0,1.0,49.73,50.4199,48.56,48.6,1038400.0
2009-12-30,50.2,50.4885,48.97,49.5,663100.0,0.0,1.0,50.2,50.4885,48.97,49.5,663100.0
2009-12-29,50.58,51.0,49.91,50.12,443500.0,0.0,1.0,50.58,51.0,49.91,50.12,443500.0
2009-12-28,49.84,52.61,49.43,50.34,950000.0,0.0,1.0,49.84,52.61,49.43,50.34,950000.0
2009-12-24,47.92,50.0,47.92,49.84,566400.0,0.0,1.0,47.92,50.0,47.92,49.84,566400.0
2009-12-23,46.44,47.74,45.86,47.56,565500.0,0.0,1.0,46.44,47.74,45.86,47.56,565500.0
2009-12-22,45.49,46.5,45.46,46.21,635500.0,0.0,1.0,45.49,46.5,45.46,46.21,635500.0
2009-12-21,46.19,46.88,44.8,45.44,1042200.0,0.0,1.0,46.19,46.88,44.8,45.44,1042200.0
2009-12-18,45.7,46.09,44.0,45.26,1343200.0,0.0,1.0,45.7,46.09,44.0,45.26,1343200.0
2009-12-17,45.22,47.35,44.9,45.2,1384100.0,0.0,1.0,45.22,47.35,44.9,45.2,1384100.0
2009-12-16,44.7,46.16,42.5,45.65,4600400.0,0.0,1.0,44.7,46.16,42.5,45.65,4600400.0
2009-12-15,44.5,48.05,44.29,46.94,2594300.0,0.0,1.0,44.5,48.05,44.29,46.94,2594300.0
2009-12-14,42.62,44.4896,41.57,44.43,1495100.0,0.0,1.0,42.62,44.4896,41.57,44.43,1495100.0
2009-12-11,40.74,41.44,40.35,40.62,431400.0,0.0,1.0,40.74,41.44,40.35,40.62,431400.0
2009-12-10,41.39,43.47,39.81,40.47,1416500.0,0.0,1.0,41.39,43.47,39.81,40.47,1416500.0
2009-12-09,38.14,41.39,37.9511,41.22,1746000.0,0.0,1.0,38.14,41.39,37.9511,41.22,1746000.0
2009-12-08,38.8,39.0,37.86,38.01,392900.0,0.0,1.0,38.8,39.0,37.86,38.01,392900.0
2009-12-07,38.9897,39.08,38.18,38.95,403100.0,0.0,1.0,38.9897,39.08,38.18,38.95,403100.0
2009-12-04,38.29,39.27,37.72,38.3,515400.0,0.0,1.0,38.29,39.27,37.72,38.3,515400.0
2009-12-03,37.85,38.34,37.25,37.82,469300.0,0.0,1.0,37.85,38.34,37.25,37.82,469300.0
2009-12-02,37.47,38.27,37.19,37.87,372000.0,0.0,1.0,37.47,38.27,37.19,37.87,372000.0
2009-12-01,37.38,37.7175,37.04,37.64,551800.0,0.0,1.0,37.38,37.7175,37.04,37.64,551800.0
2009-11-30,38.25,38.39,36.8,37.04,682300.0,0.0,1.0,38.25,38.39,36.8,37.04,682300.0
2009-11-27,38.4,38.9,38.19,38.19,176000.0,0.0,1.0,38.4,38.9,38.19,38.19,176000.0
2009-11-25,39.22,39.48,39.0,39.3,293900.0,0.0,1.0,39.22,39.48,39.0,39.3,293900.0
2009-11-24,38.9,39.26,38.5,39.25,248800.0,0.0,1.0,38.9,39.26,38.5,39.25,248800.0
2009-11-23,38.21,39.31,38.1001,38.97,560200.0,0.0,1.0,38.21,39.31,38.1001,38.97,560200.0
2009-11-20,37.49,37.82,36.98,37.69,476500.0,0.0,1.0,37.49,37.82,36.98,37.69,476500.0
2009-11-19,37.92,38.48,36.67,37.48,741200.0,0.0,1.0,37.92,38.48,36.67,37.48,741200.0
2009-11-18,38.43,38.71,37.57,38.02,741600.0,0.0,1.0,38.43,38.71,37.57,38.02,741600.0
2009-11-17,38.86,39.31,38.15,38.31,518900.0,0.0,1.0,38.86,39.31,38.15,38.31,518900.0
2009-11-16,39.29,39.96,38.46,38.87,650300.0,0.0,1.0,39.29,39.96,38.46,38.87,650300.0
2009-11-13,38.46,39.15,38.15,39.15,514700.0,0.0,1.0,38.46,39.15,38.15,39.15,514700.0
2009-11-12,39.27,39.48,38.31,38.48,515400.0,0.0,1.0,39.27,39.48,38.31,38.48,515400.0
2009-11-11,40.06,40.19,38.13,39.44,1388200.0,0.0,1.0,40.06,40.19,38.13,39.44,1388200.0
2009-11-10,40.23,40.785,39.26,39.92,901600.0,0.0,1.0,40.23,40.785,39.26,39.92,901600.0
2009-11-09,40.1,40.51,40.01,40.5,588000.0,0.0,1.0,40.1,40.51,40.01,40.5,588000.0
2009-11-06,40.75,41.55,39.43,39.96,1899000.0,0.0,1.0,40.75,41.55,39.43,39.96,1899000.0
2009-11-05,41.0,41.23,40.606,41.14,631700.0,0.0,1.0,41.0,41.23,40.606,41.14,631700.0
2009-11-04,41.51,41.95,40.53,40.78,728400.0,0.0,1.0,41.51,41.95,40.53,40.78,728400.0
2009-11-03,40.48,41.28,40.21,41.25,706700.0,0.0,1.0,40.48,41.28,40.21,41.25,706700.0
2009-11-02,39.6,41.9,39.6,40.58,1616100.0,0.0,1.0,39.6,41.9,39.6,40.58,1616100.0
2009-10-30,41.39,43.0,39.27,39.79,1570500.0,0.0,1.0,41.39,43.0,39.27,39.79,1570500.0
2009-10-29,41.08,41.934,41.08,41.68,885300.0,0.0,1.0,41.08,41.934,41.08,41.68,885300.0
2009-10-28,41.7,42.966,40.35,40.67,1534200.0,0.0,1.0,41.7,42.966,40.35,40.67,1534200.0
2009-10-27,40.85,42.25,38.72,40.38,2624900.0,0.0,1.0,40.85,42.25,38.72,40.38,2624900.0
2009-10-26,42.25,43.16,42.0,43.11,672100.0,0.0,1.0,42.25,43.16,42.0,43.11,672100.0
2009-10-23,43.33,43.4692,42.05,42.38,487300.0,0.0,1.0,43.33,43.4692,42.05,42.38,487300.0
2009-10-22,42.66,43.44,42.26,43.33,470400.0,0.0,1.0,42.66,43.44,42.26,43.33,470400.0
2009-10-21,42.7,43.36,42.22,42.69,701700.0,0.0,1.0,42.7,43.36,42.22,42.69,701700.0
2009-10-20,41.53,42.964,41.42,42.65,1032400.0,0.0,1.0,41.53,42.964,41.42,42.65,1032400.0
2009-10-19,41.98,42.17,40.91,41.33,957900.0,0.0,1.0,41.98,42.17,40.91,41.33,957900.0
2009-10-16,41.7,42.69,41.45,41.59,1927400.0,0.0,1.0,41.7,42.69,41.45,41.59,1927400.0
2009-10-15,44.68,44.69,40.7,41.728,4621100.0,0.0,1.0,44.68,44.69,40.7,41.728,4621100.0
2009-10-14,45.02,45.65,44.0601,44.84,664400.0,0.0,1.0,45.02,45.65,44.0601,44.84,664400.0
2009-10-13,45.0,45.14,43.42,44.47,568300.0,0.0,1.0,45.0,45.14,43.42,44.47,568300.0
2009-10-12,44.45,45.37,44.06,44.98,470700.0,0.0,1.0,44.45,45.37,44.06,44.98,470700.0
2009-10-09,42.87,44.29,42.68,44.04,472300.0,0.0,1.0,42.87,44.29,42.68,44.04,472300.0
2009-10-08,43.07,43.4301,42.38,43.1,823100.0,0.0,1.0,43.07,43.4301,42.38,43.1,823100.0
2009-10-07,42.54,43.21,42.04,42.23,529700.0,0.0,1.0,42.54,43.21,42.04,42.23,529700.0
2009-10-06,42.72,43.28,42.21,42.88,250400.0,0.0,1.0,42.72,43.28,42.21,42.88,250400.0
2009-10-05,41.76,42.76,41.55,42.65,312100.0,0.0,1.0,41.76,42.76,41.55,42.65,312100.0
2009-10-02,42.17,42.41,41.18,41.72,673900.0,0.0,1.0,42.17,42.41,41.18,41.72,673900.0
2009-10-01,43.98,44.0,42.45,42.75,474100.0,0.0,1.0,43.98,44.0,42.45,42.75,474100.0
2009-09-30,43.37,44.255,42.3,43.63,1031700.0,0.0,1.0,43.37,44.255,42.3,43.63,1031700.0
2009-09-29,44.55,44.55,43.07,43.52,636700.0,0.0,1.0,44.55,44.55,43.07,43.52,636700.0
2009-09-28,43.03,44.68,42.74,44.37,486500.0,0.0,1.0,43.03,44.68,42.74,44.37,486500.0
2009-09-25,42.88,43.78,41.342,42.85,960900.0,0.0,1.0,42.88,43.78,41.342,42.85,960900.0
2009-09-24,45.76,46.26,43.71,44.06,794700.0,0.0,1.0,45.76,46.26,43.71,44.06,794700.0
2009-09-23,45.61,46.73,45.04,45.78,1099600.0,0.0,1.0,45.61,46.73,45.04,45.78,1099600.0
2009-09-22,43.54,45.69,43.25,45.25,1296800.0,0.0,1.0,43.54,45.69,43.25,45.25,1296800.0
2009-09-21,43.25,43.63,42.42,43.41,887400.0,0.0,1.0,43.25,43.63,42.42,43.41,887400.0
2009-09-18,43.43,44.15,42.43,42.73,2120500.0,0.0,1.0,43.43,44.15,42.43,42.73,2120500.0
2009-09-17,43.05,44.32,41.62,42.26,2099000.0,0.0,1.0,43.05,44.32,41.62,42.26,2099000.0
2009-09-16,38.9,44.07,38.8,43.8,2193200.0,0.0,1.0,38.9,44.07,38.8,43.8,2193200.0
2009-09-15,39.78,39.9,38.74,38.88,843000.0,0.0,1.0,39.78,39.9,38.74,38.88,843000.0
2009-09-14,39.58,39.99,39.11,39.45,862400.0,0.0,1.0,39.58,39.99,39.11,39.45,862400.0
2009-09-11,39.485,39.63,38.07,39.55,1558000.0,0.0,1.0,39.485,39.63,38.07,39.55,1558000.0
2009-09-10,36.68,39.27,36.54,38.84,2393500.0,0.0,1.0,36.68,39.27,36.54,38.84,2393500.0
2009-09-09,35.23,37.06,35.23,36.71,1998700.0,0.0,1.0,35.23,37.06,35.23,36.71,1998700.0
2009-09-08,35.86,36.67,34.8,35.83,2470800.0,0.0,1.0,35.86,36.67,34.8,35.83,2470800.0
2009-09-04,35.41,35.66,34.28,35.0,5159300.0,0.0,1.0,35.41,35.66,34.28,35.0,5159300.0
2009-09-03,33.5,35.47,29.71,34.04,22632700.0,0.0,1.0,33.5,35.47,29.71,34.04,22632700.0
2009-09-02,43.32,44.13,43.05,43.46,225500.0,0.0,1.0,43.32,44.13,43.05,43.46,225500.0
2009-09-01,44.47,45.23,43.4,43.57,494700.0,0.0,1.0,44.47,45.23,43.4,43.57,494700.0
2009-08-31,44.49,45.45,44.38,44.54,359100.0,0.0,1.0,44.49,45.45,44.38,44.54,359100.0
2009-08-28,45.06,45.138999999999996,44.55,45.08,396100.0,0.0,1.0,45.06,45.138999999999996,44.55,45.08,396100.0
2009-08-27,44.37,45.18,43.66,45.04,445700.0,0.0,1.0,44.37,45.18,43.66,45.04,445700.0
2009-08-26,44.45,44.77,43.77,44.36,628600.0,0.0,1.0,44.45,44.77,43.77,44.36,628600.0
2009-08-25,45.03,45.4999,44.42,45.24,606700.0,0.0,1.0,45.03,45.4999,44.42,45.24,606700.0
2009-08-24,45.22,45.6,44.52,44.9,502100.0,0.0,1.0,45.22,45.6,44.52,44.9,502100.0
2009-08-21,44.97,45.12,44.15,45.0,510200.0,0.0,1.0,44.97,45.12,44.15,45.0,510200.0
2009-08-20,43.88,44.5865,43.57,44.43,652500.0,0.0,1.0,43.88,44.5865,43.57,44.43,652500.0
2009-08-19,42.68,44.11,42.67,44.08,700500.0,0.0,1.0,42.68,44.11,42.67,44.08,700500.0
2009-08-18,43.0,43.35,42.28,42.96,221500.0,0.0,1.0,43.0,43.35,42.28,42.96,221500.0
2009-08-17,42.53,43.62,42.25,42.93,334900.0,0.0,1.0,42.53,43.62,42.25,42.93,334900.0
2009-08-14,43.95,44.58,42.5,43.23,372800.0,0.0,1.0,43.95,44.58,42.5,43.23,372800.0
2009-08-13,44.38,44.397,43.38,43.97,285300.0,0.0,1.0,44.38,44.397,43.38,43.97,285300.0
2009-08-12,44.83,44.9142,44.13,44.32,282300.0,0.0,1.0,44.83,44.9142,44.13,44.32,282300.0
2009-08-11,44.42,45.04,44.11,44.73,277900.0,0.0,1.0,44.42,45.04,44.11,44.73,277900.0
2009-08-10,43.62,45.28,43.06,44.67,366300.0,0.0,1.0,43.62,45.28,43.06,44.67,366300.0
2009-08-07,43.83,44.5025,43.18,43.88,477900.0,0.0,1.0,43.83,44.5025,43.18,43.88,477900.0
2009-08-06,43.69,44.22,42.6,43.16,449500.0,0.0,1.0,43.69,44.22,42.6,43.16,449500.0
2009-08-05,44.5,44.57,43.11,43.32,459700.0,0.0,1.0,44.5,44.57,43.11,43.32,459700.0
2009-08-04,44.8,44.91,44.13,44.57,361800.0,0.0,1.0,44.8,44.91,44.13,44.57,361800.0
2009-08-03,45.39,45.5,43.84,44.8,861100.0,0.0,1.0,45.39,45.5,43.84,44.8,861100.0
2009-07-31,41.33,46.65,41.23,44.71,3204600.0,0.0,1.0,41.33,46.65,41.23,44.71,3204600.0
2009-07-30,41.06,41.45,40.62,40.81,675700.0,0.0,1.0,41.06,41.45,40.62,40.81,675700.0
2009-07-29,38.99,42.2,38.88,40.64,1413100.0,0.0,1.0,38.99,42.2,38.88,40.64,1413100.0
2009-07-28,41.27,41.75,37.9,39.0,3067700.0,0.0,1.0,41.27,41.75,37.9,39.0,3067700.0
2009-07-27,36.79,38.15,36.0,37.76,741500.0,0.0,1.0,36.79,38.15,36.0,37.76,741500.0
2009-07-24,37.64,38.82,37.6,38.72,499200.0,0.0,1.0,37.64,38.82,37.6,38.72,499200.0
2009-07-23,36.97,38.2,36.65,37.98,461000.0,0.0,1.0,36.97,38.2,36.65,37.98,461000.0
2009-07-22,37.58,37.76,36.8,37.13,300300.0,0.0,1.0,37.58,37.76,36.8,37.13,300300.0
2009-07-21,37.23,37.93,36.84,37.83,468600.0,0.0,1.0,37.23,37.93,36.84,37.83,468600.0
2009-07-20,37.16,37.23,36.27,36.97,344300.0,0.0,1.0,37.16,37.23,36.27,36.97,344300.0
2009-07-17,35.3,37.21,34.7,36.38,797300.0,0.0,1.0,35.3,37.21,34.7,36.38,797300.0
2009-07-16,34.01,35.4,33.76,35.16,313200.0,0.0,1.0,34.01,35.4,33.76,35.16,313200.0
2009-07-15,33.1,34.34,32.98,34.25,319100.0,0.0,1.0,33.1,34.34,32.98,34.25,319100.0
2009-07-14,32.87,33.03,32.5,32.85,245100.0,0.0,1.0,32.87,33.03,32.5,32.85,245100.0
2009-07-13,32.36,33.1225,31.63,32.98,424900.0,0.0,1.0,32.36,33.1225,31.63,32.98,424900.0
2009-07-10,32.0,32.6288,31.962,32.35,282200.0,0.0,1.0,32.0,32.6288,31.962,32.35,282200.0
2009-07-09,32.41,32.69,31.77,32.24,1053500.0,0.0,1.0,32.41,32.69,31.77,32.24,1053500.0
2009-07-08,33.17,33.53,31.94,32.35,624100.0,0.0,1.0,33.17,33.53,31.94,32.35,624100.0
2009-07-07,32.6,33.1409,32.415,32.96,295600.0,0.0,1.0,32.6,33.1409,32.415,32.96,295600.0
2009-07-06,32.0,32.639,31.91,32.49,267300.0,0.0,1.0,32.0,32.639,31.91,32.49,267300.0
2009-07-02,33.87,33.94,31.77,31.91,443100.0,0.0,1.0,33.87,33.94,31.77,31.91,443100.0
2009-07-01,33.31,34.75,32.96,34.19,529300.0,0.0,1.0,33.31,34.75,32.96,34.19,529300.0
2009-06-30,33.4,33.75,32.72,33.02,544600.0,0.0,1.0,33.4,33.75,32.72,33.02,544600.0
2009-06-29,33.15,33.44,32.26,33.44,419900.0,0.0,1.0,33.15,33.44,32.26,33.44,419900.0
2009-06-26,32.21,33.35,31.75,33.2,574900.0,0.0,1.0,32.21,33.35,31.75,33.2,574900.0
2009-06-25,30.9,32.9,30.75,32.45,412900.0,0.0,1.0,30.9,32.9,30.75,32.45,412900.0
2009-06-24,30.72,31.28,30.56,30.73,172700.0,0.0,1.0,30.72,31.28,30.56,30.73,172700.0
2009-06-23,30.97,30.97,30.29,30.6,352500.0,0.0,1.0,30.97,30.97,30.29,30.6,352500.0
2009-06-22,31.21,31.57,30.41,30.95,523300.0,0.0,1.0,31.21,31.57,30.41,30.95,523300.0
2009-06-19,31.29,32.22,31.23,31.72,494200.0,0.0,1.0,31.29,32.22,31.23,31.72,494200.0
2009-06-18,30.11,31.31,29.74,30.82,421100.0,0.0,1.0,30.11,31.31,29.74,30.82,421100.0
2009-06-17,29.28,30.37,29.21,30.23,469000.0,0.0,1.0,29.28,30.37,29.21,30.23,469000.0
2009-06-16,29.5,29.88,29.13,29.19,540300.0,0.0,1.0,29.5,29.88,29.13,29.19,540300.0
2009-06-15,30.93,31.19,28.9,29.16,738600.0,0.0,1.0,30.93,31.19,28.9,29.16,738600.0
2009-06-12,31.61,31.62,30.89,31.09,336600.0,0.0,1.0,31.61,31.62,30.89,31.09,336600.0
2009-06-11,30.67,31.87,30.6,31.71,582400.0,0.0,1.0,30.67,31.87,30.6,31.71,582400.0
2009-06-10,30.79,30.99,30.2,30.51,454500.0,0.0,1.0,30.79,30.99,30.2,30.51,454500.0
2009-06-09,31.98,32.39,30.59,30.62,426400.0,0.0,1.0,31.98,32.39,30.59,30.62,426400.0
2009-06-08,31.95,32.37,31.78,32.01,339000.0,0.0,1.0,31.95,32.37,31.78,32.01,339000.0
2009-06-05,32.13,32.51,31.55,32.25,441300.0,0.0,1.0,32.13,32.51,31.55,32.25,441300.0
2009-06-04,32.21,32.56,31.58,31.97,302400.0,0.0,1.0,32.21,32.56,31.58,31.97,302400.0
2009-06-03,32.48,32.48,31.8,32.21,414400.0,0.0,1.0,32.48,32.48,31.8,32.21,414400.0
2009-06-02,32.11,33.43,31.85,32.6,599800.0,0.0,1.0,32.11,33.43,31.85,32.6,599800.0
2009-06-01,30.73,32.42,30.55,32.16,689000.0,0.0,1.0,30.73,32.42,30.55,32.16,689000.0
2009-05-29,30.69,30.71,30.21,30.43,451100.0,0.0,1.0,30.69,30.71,30.21,30.43,451100.0
2009-05-28,30.35,30.9,30.35,30.52,522800.0,0.0,1.0,30.35,30.9,30.35,30.52,522800.0
2009-05-27,30.0,30.62,29.93,30.32,544300.0,0.0,1.0,30.0,30.62,29.93,30.32,544300.0
2009-05-26,29.71,30.74,29.5975,30.28,696700.0,0.0,1.0,29.71,30.74,29.5975,30.28,696700.0
2009-05-22,30.8,31.36,29.61,29.94,541000.0,0.0,1.0,30.8,31.36,29.61,29.94,541000.0
2009-05-21,31.16,31.705,30.01,30.72,412900.0,0.0,1.0,31.16,31.705,30.01,30.72,412900.0
2009-05-20,32.0,32.64,31.53,31.77,476800.0,0.0,1.0,32.0,32.64,31.53,31.77,476800.0
2009-05-19,31.99,32.49,31.8,32.12,601700.0,0.0,1.0,31.99,32.49,31.8,32.12,601700.0
2009-05-18,33.26,34.36,30.72,31.9,1286300.0,0.0,1.0,33.26,34.36,30.72,31.9,1286300.0
2009-05-15,35.39,35.49,32.85,33.26,754400.0,0.0,1.0,35.39,35.49,32.85,33.26,754400.0
2009-05-14,34.95,35.97,34.76,35.55,541700.0,0.0,1.0,34.95,35.97,34.76,35.55,541700.0
2009-05-13,35.74,36.1,34.84,35.0,546600.0,0.0,1.0,35.74,36.1,34.84,35.0,546600.0
2009-05-12,37.05,37.21,35.43,36.44,529300.0,0.0,1.0,37.05,37.21,35.43,36.44,529300.0
2009-05-11,37.32,38.51,36.815,36.95,606400.0,0.0,1.0,37.32,38.51,36.815,36.95,606400.0
2009-05-08,38.12,38.59,37.55,38.03,609500.0,0.0,1.0,38.12,38.59,37.55,38.03,609500.0
2009-05-07,36.97,38.66,36.0,37.8,750500.0,0.0,1.0,36.97,38.66,36.0,37.8,750500.0
2009-05-06,36.29,36.96,35.55,36.596,777900.0,0.0,1.0,36.29,36.96,35.55,36.596,777900.0
2009-05-05,34.8,36.03,34.49,35.93,562000.0,0.0,1.0,34.8,36.03,34.49,35.93,562000.0
2009-05-04,34.34,35.45,34.01,35.42,598800.0,0.0,1.0,34.34,35.45,34.01,35.42,598800.0
2009-05-01,33.43,34.27,33.225,34.16,521500.0,0.0,1.0,33.43,34.27,33.225,34.16,521500.0
2009-04-30,33.66,34.44,33.14,33.54,669800.0,0.0,1.0,33.66,34.44,33.14,33.54,669800.0
2009-04-29,32.55,34.45,32.16,33.03,1125300.0,0.0,1.0,32.55,34.45,32.16,33.03,1125300.0
2009-04-28,32.03,32.46,30.1,32.34,1273000.0,0.0,1.0,32.03,32.46,30.1,32.34,1273000.0
2009-04-27,28.82,34.0,28.82,32.93,1592500.0,0.0,1.0,28.82,34.0,28.82,32.93,1592500.0
2009-04-24,28.9,29.66,28.41,28.81,476000.0,0.0,1.0,28.9,29.66,28.41,28.81,476000.0
2009-04-23,30.22,30.75,28.58,28.88,552900.0,0.0,1.0,30.22,30.75,28.58,28.88,552900.0
2009-04-22,29.25,30.64,29.01,29.98,267900.0,0.0,1.0,29.25,30.64,29.01,29.98,267900.0
2009-04-21,28.52,30.1799,28.38,29.75,413100.0,0.0,1.0,28.52,30.1799,28.38,29.75,413100.0
2009-04-20,30.29,30.47,28.32,28.71,677600.0,0.0,1.0,30.29,30.47,28.32,28.71,677600.0
2009-04-17,30.22,31.08,29.98,30.28,332000.0,0.0,1.0,30.22,31.08,29.98,30.28,332000.0
2009-04-16,29.4,30.45,29.36,30.12,558600.0,0.0,1.0,29.4,30.45,29.36,30.12,558600.0
2009-04-15,30.46,30.46,28.51,29.24,973000.0,0.0,1.0,30.46,30.46,28.51,29.24,973000.0
2009-04-14,32.52,32.78,30.78,30.9,612900.0,0.0,1.0,32.52,32.78,30.78,30.9,612900.0
2009-04-13,32.38,33.29,32.18,33.06,674700.0,0.0,1.0,32.38,33.29,32.18,33.06,674700.0
2009-04-09,30.8,33.18,29.9572,32.89,680200.0,0.0,1.0,30.8,33.18,29.9572,32.89,680200.0
2009-04-08,30.03,31.1,29.64,30.3,332800.0,0.0,1.0,30.03,31.1,29.64,30.3,332800.0
2009-04-07,29.5,30.37,28.0,29.74,576700.0,0.0,1.0,29.5,30.37,28.0,29.74,576700.0
2009-04-06,30.45,32.74,30.13,30.22,626500.0,0.0,1.0,30.45,32.74,30.13,30.22,626500.0
2009-04-03,29.33,30.3,29.25,29.97,604500.0,0.0,1.0,29.33,30.3,29.25,29.97,604500.0
2009-04-02,28.0,29.84,28.0,29.36,583300.0,0.0,1.0,28.0,29.84,28.0,29.36,583300.0
2009-04-01,27.01,27.82,26.28,27.4,518200.0,0.0,1.0,27.01,27.82,26.28,27.4,518200.0
2009-03-31,27.74,28.44,27.44,27.49,611500.0,0.0,1.0,27.74,28.44,27.44,27.49,611500.0
2009-03-30,27.51,27.92,26.08,27.69,702500.0,0.0,1.0,27.51,27.92,26.08,27.69,702500.0
2009-03-27,28.77,31.1,28.28,28.32,740000.0,0.0,1.0,28.77,31.1,28.28,28.32,740000.0
2009-03-26,28.38,30.14,28.37,29.34,650100.0,0.0,1.0,28.38,30.14,28.37,29.34,650100.0
2009-03-25,27.54,28.58,27.54,28.33,743900.0,0.0,1.0,27.54,28.58,27.54,28.33,743900.0
2009-03-24,26.76,28.08,26.74,27.43,718200.0,0.0,1.0,26.76,28.08,26.74,27.43,718200.0
2009-03-23,27.39,27.6,26.23,27.23,768800.0,0.0,1.0,27.39,27.6,26.23,27.23,768800.0
2009-03-20,27.93,28.99,26.75,26.86,724900.0,0.0,1.0,27.93,28.99,26.75,26.86,724900.0
2009-03-19,30.65,30.9,26.88,27.61,1144200.0,0.0,1.0,30.65,30.9,26.88,27.61,1144200.0
2009-03-18,29.5,31.01,29.34,30.37,995900.0,0.0,1.0,29.5,31.01,29.34,30.37,995900.0
2009-03-17,29.02,30.51,28.18,30.49,824400.0,0.0,1.0,29.02,30.51,28.18,30.49,824400.0
2009-03-16,30.43,30.74,28.29,29.13,1018500.0,0.0,1.0,30.43,30.74,28.29,29.13,1018500.0
2009-03-13,27.11,31.17,26.73,30.27,1295700.0,0.0,1.0,27.11,31.17,26.73,30.27,1295700.0
2009-03-12,26.08,27.18,25.24,27.02,826400.0,0.0,1.0,26.08,27.18,25.24,27.02,826400.0
2009-03-11,27.86,28.32,25.95,25.97,695800.0,0.0,1.0,27.86,28.32,25.95,25.97,695800.0
2009-03-10,26.3,27.61,26.3,27.39,722400.0,0.0,1.0,26.3,27.61,26.3,27.39,722400.0
2009-03-09,26.09,27.6,25.2,25.91,897500.0,0.0,1.0,26.09,27.6,25.2,25.91,897500.0
2009-03-06,27.35,27.8,25.28,26.41,739100.0,0.0,1.0,27.35,27.8,25.28,26.41,739100.0
2009-03-05,28.75,28.96,27.07,27.32,547800.0,0.0,1.0,28.75,28.96,27.07,27.32,547800.0
2009-03-04,28.96,29.96,27.85,28.77,782300.0,0.0,1.0,28.96,29.96,27.85,28.77,782300.0
2009-03-03,29.38,30.65,27.87,28.75,1496600.0,0.0,1.0,29.38,30.65,27.87,28.75,1496600.0
2009-03-02,31.44,31.45,27.27,28.98,2971100.0,0.0,1.0,31.44,31.45,27.27,28.98,2971100.0
2009-02-27,35.63,35.85,31.32,32.71,4198900.0,0.0,1.0,35.63,35.85,31.32,32.71,4198900.0
2009-02-26,42.27,42.38,35.74,36.48,2857700.0,0.0,1.0,42.27,42.38,35.74,36.48,2857700.0
2009-02-25,44.81,45.16,41.26,42.23,1707600.0,0.0,1.0,44.81,45.16,41.26,42.23,1707600.0
2009-02-24,44.74,47.7,44.49,45.16,736600.0,0.0,1.0,44.74,47.7,44.49,45.16,736600.0
2009-02-23,48.03,48.72,43.7,44.44,732400.0,0.0,1.0,48.03,48.72,43.7,44.44,732400.0
2009-02-20,47.6,48.82,47.22,47.53,794900.0,0.0,1.0,47.6,48.82,47.22,47.53,794900.0
2009-02-19,48.25,49.6,47.35,48.34,586500.0,0.0,1.0,48.25,49.6,47.35,48.34,586500.0
2009-02-18,50.25,50.57,47.81,48.18,1327000.0,0.0,1.0,50.25,50.57,47.81,48.18,1327000.0
2009-02-17,51.9,53.3,48.52,49.6,1488400.0,0.0,1.0,51.9,53.3,48.52,49.6,1488400.0
2009-02-13,51.0,52.93,49.81,51.4,1375000.0,0.0,1.0,51.0,52.93,49.81,51.4,1375000.0
2009-02-12,46.84,50.98,46.84,49.88,841600.0,0.0,1.0,46.84,50.98,46.84,49.88,841600.0
2009-02-11,47.55,47.85,46.25,47.66,408600.0,0.0,1.0,47.55,47.85,46.25,47.66,408600.0
2009-02-10,46.8,48.1,45.99,46.46,546600.0,0.0,1.0,46.8,48.1,45.99,46.46,546600.0
2009-02-09,45.3,47.14,44.85,46.81,372200.0,0.0,1.0,45.3,47.14,44.85,46.81,372200.0
2009-02-06,44.5,46.45,44.0,45.52,579700.0,0.0,1.0,44.5,46.45,44.0,45.52,579700.0
2009-02-05,43.17,45.16,42.376000000000005,44.67,504400.0,0.0,1.0,43.17,45.16,42.376000000000005,44.67,504400.0
2009-02-04,43.5,44.5,43.06,43.41,514500.0,0.0,1.0,43.5,44.5,43.06,43.41,514500.0
2009-02-03,43.24,44.39,42.67,43.72,493900.0,0.0,1.0,43.24,44.39,42.67,43.72,493900.0
2009-02-02,40.76,42.75,40.75,41.98,471300.0,0.0,1.0,40.76,42.75,40.75,41.98,471300.0
2009-01-30,42.14,43.0,41.01,41.23,687500.0,0.0,1.0,42.14,43.0,41.01,41.23,687500.0
2009-01-29,43.51,43.79,40.72,41.6,615900.0,0.0,1.0,43.51,43.79,40.72,41.6,615900.0
2009-01-28,45.01,45.01,43.53,44.09,442300.0,0.0,1.0,45.01,45.01,43.53,44.09,442300.0
2009-01-27,43.75,44.59,43.5801,44.03,284800.0,0.0,1.0,43.75,44.59,43.5801,44.03,284800.0
2009-01-26,42.99,44.72,42.55,44.06,621900.0,0.0,1.0,42.99,44.72,42.55,44.06,621900.0
2009-01-23,43.47,43.96,42.5,43.07,1200600.0,0.0,1.0,43.47,43.96,42.5,43.07,1200600.0
2009-01-22,43.01,44.7,42.84,44.34,589400.0,0.0,1.0,43.01,44.7,42.84,44.34,589400.0
2009-01-21,43.66,44.43,42.8,43.91,492400.0,0.0,1.0,43.66,44.43,42.8,43.91,492400.0
2009-01-20,44.0,44.72,42.95,43.51,658000.0,0.0,1.0,44.0,44.72,42.95,43.51,658000.0
2009-01-16,44.53,46.0,43.3685,44.32,1149600.0,0.0,1.0,44.53,46.0,43.3685,44.32,1149600.0
2009-01-15,46.87,46.87,43.95,44.29,1369100.0,0.0,1.0,46.87,46.87,43.95,44.29,1369100.0
2009-01-14,47.02,48.01,46.7575,47.01,538900.0,0.0,1.0,47.02,48.01,46.7575,47.01,538900.0
2009-01-13,46.21,48.31,45.28,48.08,671900.0,0.0,1.0,46.21,48.31,45.28,48.08,671900.0
2009-01-12,46.76,46.82,45.57,46.28,473400.0,0.0,1.0,46.76,46.82,45.57,46.28,473400.0
2009-01-09,45.9,47.11,43.36,46.59,1243000.0,0.0,1.0,45.9,47.11,43.36,46.59,1243000.0
2009-01-08,48.9,49.3,46.77,47.0,785700.0,0.0,1.0,48.9,49.3,46.77,47.0,785700.0
2009-01-07,46.15,49.3,46.075,48.91,1460600.0,0.0,1.0,46.15,49.3,46.075,48.91,1460600.0
2009-01-06,46.32,48.53,45.0,46.98,2450400.0,0.0,1.0,46.32,48.53,45.0,46.98,2450400.0
2009-01-05,40.72,41.18,40.05,40.33,599900.0,0.0,1.0,40.72,41.18,40.05,40.33,599900.0
2009-01-02,41.08,41.37,40.46,40.72,620200.0,0.0,1.0,41.08,41.37,40.46,40.72,620200.0
2008-12-31,40.88,42.25,40.88,41.34,539000.0,0.0,1.0,40.88,42.25,40.88,41.34,539000.0
2008-12-30,40.7,42.31,40.5,42.21,559500.0,0.0,1.0,40.7,42.31,40.5,42.21,559500.0
2008-12-29,41.14,41.14,39.66,40.69,462800.0,0.0,1.0,41.14,41.14,39.66,40.69,462800.0
2008-12-26,39.21,41.88,39.21,41.33,176900.0,0.0,1.0,39.21,41.88,39.21,41.33,176900.0
2008-12-24,41.19,41.87,40.96,41.07,165000.0,0.0,1.0,41.19,41.87,40.96,41.07,165000.0
2008-12-23,41.42,41.9115,40.55,41.05,384700.0,0.0,1.0,41.42,41.9115,40.55,41.05,384700.0
2008-12-22,41.55,41.72,40.38,41.4,635100.0,0.0,1.0,41.55,41.72,40.38,41.4,635100.0
2008-12-19,41.09,41.88,40.61,40.98,791000.0,0.0,1.0,41.09,41.88,40.61,40.98,791000.0
2008-12-18,39.66,41.8856,39.31,40.89,583900.0,0.0,1.0,39.66,41.8856,39.31,40.89,583900.0
2008-12-17,38.74,39.48,38.16,39.31,507700.0,0.0,1.0,38.74,39.48,38.16,39.31,507700.0
2008-12-16,38.04,39.32,37.17,39.17,624000.0,0.0,1.0,38.04,39.32,37.17,39.17,624000.0
2008-12-15,38.3,38.86,37.0,37.65,542000.0,0.0,1.0,38.3,38.86,37.0,37.65,542000.0
2008-12-12,37.12,38.24,36.64,38.23,797400.0,0.0,1.0,37.12,38.24,36.64,38.23,797400.0
2008-12-11,39.61,41.31,37.3,37.88,730600.0,0.0,1.0,39.61,41.31,37.3,37.88,730600.0
2008-12-10,40.66,41.66,39.71,40.12,386400.0,0.0,1.0,40.66,41.66,39.71,40.12,386400.0
2008-12-09,41.25,43.15,39.81,39.9,747000.0,0.0,1.0,41.25,43.15,39.81,39.9,747000.0
2008-12-08,41.0,42.74,40.34,41.72,830600.0,0.0,1.0,41.0,42.74,40.34,41.72,830600.0
2008-12-05,38.63,40.66,37.5,40.28,1043000.0,0.0,1.0,38.63,40.66,37.5,40.28,1043000.0
2008-12-04,37.78,39.205,37.05,38.33,714500.0,0.0,1.0,37.78,39.205,37.05,38.33,714500.0
2008-12-03,38.67,38.68,36.37,38.32,832400.0,0.0,1.0,38.67,38.68,36.37,38.32,832400.0
2008-12-02,37.94,37.94,34.83,37.62,925300.0,0.0,1.0,37.94,37.94,34.83,37.62,925300.0
2008-12-01,38.0,38.88,34.67,34.74,962500.0,0.0,1.0,38.0,38.88,34.67,34.74,962500.0
2008-11-28,38.59,39.73,38.37,38.89,191400.0,0.0,1.0,38.59,39.73,38.37,38.89,191400.0
2008-11-26,38.225,39.46,37.36,39.09,672600.0,0.0,1.0,38.225,39.46,37.36,39.09,672600.0
2008-11-25,38.98,40.42,37.5,38.52,1051200.0,0.0,1.0,38.98,40.42,37.5,38.52,1051200.0
2008-11-24,37.67,39.64,37.51,38.78,949200.0,0.0,1.0,37.67,39.64,37.51,38.78,949200.0
2008-11-21,37.11,38.24,35.04,38.05,1603800.0,0.0,1.0,37.11,38.24,35.04,38.05,1603800.0
2008-11-20,35.7,39.95,33.27,36.88,4806400.0,0.0,1.0,35.7,39.95,33.27,36.88,4806400.0
2008-11-19,48.0,49.24,43.65,44.0,1204900.0,0.0,1.0,48.0,49.24,43.65,44.0,1204900.0
2008-11-18,49.85,51.25,47.01,48.1,706400.0,0.0,1.0,49.85,51.25,47.01,48.1,706400.0
2008-11-17,50.05,51.24,48.66,49.92,631700.0,0.0,1.0,50.05,51.24,48.66,49.92,631700.0
2008-11-14,52.77,53.5,50.54,50.57,854800.0,0.0,1.0,52.77,53.5,50.54,50.57,854800.0
2008-11-13,49.53,53.34,48.74,53.34,609300.0,0.0,1.0,49.53,53.34,48.74,53.34,609300.0
2008-11-12,49.74,52.0,49.55,49.67,691300.0,0.0,1.0,49.74,52.0,49.55,49.67,691300.0
2008-11-11,49.75,51.79,47.69,50.77,787600.0,0.0,1.0,49.75,51.79,47.69,50.77,787600.0
2008-11-10,51.04,51.83,49.08,50.09,812200.0,0.0,1.0,51.04,51.83,49.08,50.09,812200.0
2008-11-07,54.16,54.65,49.59,50.06,1147300.0,0.0,1.0,54.16,54.65,49.59,50.06,1147300.0
2008-11-06,54.81,55.42,53.36,53.61,812000.0,0.0,1.0,54.81,55.42,53.36,53.61,812000.0
2008-11-05,57.68,58.62,55.0401,56.21,764100.0,0.0,1.0,57.68,58.62,55.0401,56.21,764100.0
2008-11-04,57.95,58.93,56.91,58.07,648400.0,0.0,1.0,57.95,58.93,56.91,58.07,648400.0
2008-11-03,58.74,59.24,56.05,56.31,891600.0,0.0,1.0,58.74,59.24,56.05,56.31,891600.0
2008-10-31,55.89,59.1,54.48,56.41,1174300.0,0.0,1.0,55.89,59.1,54.48,56.41,1174300.0
2008-10-30,53.15,56.61,53.15,56.33,973400.0,0.0,1.0,53.15,56.61,53.15,56.33,973400.0
2008-10-29,48.81,55.0,48.18,51.93,1297900.0,0.0,1.0,48.81,55.0,48.18,51.93,1297900.0
2008-10-28,48.1,50.04,43.57,47.5,1465500.0,0.0,1.0,48.1,50.04,43.57,47.5,1465500.0
2008-10-27,46.55,48.63,44.49,45.54,862800.0,0.0,1.0,46.55,48.63,44.49,45.54,862800.0
2008-10-24,46.1,49.5,43.51,47.38,883100.0,0.0,1.0,46.1,49.5,43.51,47.38,883100.0
2008-10-23,53.91,54.0,47.925,50.09,919600.0,0.0,1.0,53.91,54.0,47.925,50.09,919600.0
2008-10-22,54.9,55.75,52.9,53.67,548600.0,0.0,1.0,54.9,55.75,52.9,53.67,548600.0
2008-10-21,53.52,56.25,52.64,55.03,790500.0,0.0,1.0,53.52,56.25,52.64,55.03,790500.0
2008-10-20,53.59,54.88,52.0,53.86,694800.0,0.0,1.0,53.59,54.88,52.0,53.86,694800.0
2008-10-17,51.33,56.69,43.31,52.32,1076100.0,0.0,1.0,51.33,56.69,43.31,52.32,1076100.0
2008-10-16,48.69,53.32,48.44,53.01,1345500.0,0.0,1.0,48.69,53.32,48.44,53.01,1345500.0
2008-10-15,51.95,52.43,47.45,47.94,679600.0,0.0,1.0,51.95,52.43,47.45,47.94,679600.0
2008-10-14,53.0,55.31,49.84,51.81,1133100.0,0.0,1.0,53.0,55.31,49.84,51.81,1133100.0
2008-10-13,46.68,51.63,45.26,51.48,897000.0,0.0,1.0,46.68,51.63,45.26,51.48,897000.0
2008-10-10,41.77,45.54,41.52,44.78,1303100.0,0.0,1.0,41.77,45.54,41.52,44.78,1303100.0
2008-10-09,48.45,50.75,43.01,43.51,1053700.0,0.0,1.0,48.45,50.75,43.01,43.51,1053700.0
2008-10-08,46.71,51.27,46.03,49.35,1205300.0,0.0,1.0,46.71,51.27,46.03,49.35,1205300.0
2008-10-07,47.29,49.45,46.99,48.17,1091600.0,0.0,1.0,47.29,49.45,46.99,48.17,1091600.0
2008-10-06,46.55,48.99,43.1901,48.69,942800.0,0.0,1.0,46.55,48.99,43.1901,48.69,942800.0
2008-10-03,49.24,50.51,47.1,47.34,541300.0,0.0,1.0,49.24,50.51,47.1,47.34,541300.0
2008-10-02,48.55,48.55,46.72,48.31,435000.0,0.0,1.0,48.55,48.55,46.72,48.31,435000.0
2008-10-01,48.96,49.3,46.84,47.26,397500.0,0.0,1.0,48.96,49.3,46.84,47.26,397500.0
2008-09-30,48.28,48.98,46.5,48.67,423900.0,0.0,1.0,48.28,48.98,46.5,48.67,423900.0
2008-09-29,49.8,50.17,46.51,47.88,480700.0,0.0,1.0,49.8,50.17,46.51,47.88,480700.0
2008-09-26,49.85,50.89,49.32,50.7,278300.0,0.0,1.0,49.85,50.89,49.32,50.7,278300.0
2008-09-25,49.1,50.99,49.1,50.78,685200.0,0.0,1.0,49.1,50.99,49.1,50.78,685200.0
2008-09-24,50.25,51.69,49.13,49.15,663900.0,0.0,1.0,50.25,51.69,49.13,49.15,663900.0
2008-09-23,50.04,50.12,49.2,49.8,628400.0,0.0,1.0,50.04,50.12,49.2,49.8,628400.0
2008-09-22,51.34,52.18,49.91,50.11,700100.0,0.0,1.0,51.34,52.18,49.91,50.11,700100.0
2008-09-19,52.08,56.39,49.75,50.98,1367500.0,0.0,1.0,52.08,56.39,49.75,50.98,1367500.0
2008-09-18,46.29,49.86,45.88,49.13,1355800.0,0.0,1.0,46.29,49.86,45.88,49.13,1355800.0
2008-09-17,47.48,49.21,46.19,46.28,1008800.0,0.0,1.0,47.48,49.21,46.19,46.28,1008800.0
2008-09-16,47.73,49.1,47.5,48.91,723200.0,0.0,1.0,47.73,49.1,47.5,48.91,723200.0
2008-09-15,47.0,48.4,46.25,47.86,914100.0,0.0,1.0,47.0,48.4,46.25,47.86,914100.0
2008-09-12,48.66,48.96,47.43,48.15,1074500.0,0.0,1.0,48.66,48.96,47.43,48.15,1074500.0
2008-09-11,47.6,48.88,47.24,48.5,1171200.0,0.0,1.0,47.6,48.88,47.24,48.5,1171200.0
2008-09-10,47.6,48.63,46.81,48.02,1054800.0,0.0,1.0,47.6,48.63,46.81,48.02,1054800.0
2008-09-09,49.76,50.87,47.59,47.68,1104500.0,0.0,1.0,49.76,50.87,47.59,47.68,1104500.0
2008-09-08,48.92,50.84,47.41,50.75,1376300.0,0.0,1.0,48.92,50.84,47.41,50.75,1376300.0
2008-09-05,49.7,49.73,47.6,48.4,1121800.0,0.0,1.0,49.7,49.73,47.6,48.4,1121800.0
2008-09-04,51.65,51.79,49.5,49.85,1394400.0,0.0,1.0,51.65,51.79,49.5,49.85,1394400.0
2008-09-03,53.04,53.39,51.6,51.79,817000.0,0.0,1.0,53.04,53.39,51.6,51.79,817000.0
2008-09-02,53.95,54.56,52.83,53.28,822400.0,0.0,1.0,53.95,54.56,52.83,53.28,822400.0
2008-08-29,54.71,54.7899,53.01,53.22,530100.0,0.0,1.0,54.71,54.7899,53.01,53.22,530100.0
2008-08-28,54.99,55.41,53.93,54.42,584000.0,0.0,1.0,54.99,55.41,53.93,54.42,584000.0
2008-08-27,53.59,55.32,53.59,54.98,490000.0,0.0,1.0,53.59,55.32,53.59,54.98,490000.0
2008-08-26,54.64,54.78,53.42,53.68,719100.0,0.0,1.0,54.64,54.78,53.42,53.68,719100.0
2008-08-25,56.37,56.56,54.55,54.82,529500.0,0.0,1.0,56.37,56.56,54.55,54.82,529500.0
2008-08-22,54.12,57.24,53.92,56.6,1116800.0,0.0,1.0,54.12,57.24,53.92,56.6,1116800.0
2008-08-21,54.47,54.68,53.0,53.72,1027300.0,0.0,1.0,54.47,54.68,53.0,53.72,1027300.0
2008-08-20,55.74,56.35,54.01,54.73,748400.0,0.0,1.0,55.74,56.35,54.01,54.73,748400.0
2008-08-19,55.22,57.51,55.02,55.5,1324400.0,0.0,1.0,55.22,57.51,55.02,55.5,1324400.0
2008-08-18,57.02,57.05,54.17,55.22,1292400.0,0.0,1.0,57.02,57.05,54.17,55.22,1292400.0
2008-08-15,53.94,57.32,53.65,57.03,2433200.0,0.0,1.0,53.94,57.32,53.65,57.03,2433200.0
2008-08-14,52.0,54.5,50.68,53.57,3392800.0,0.0,1.0,52.0,54.5,50.68,53.57,3392800.0
2008-08-13,54.83,55.0,49.14,52.32,7047300.0,0.0,1.0,54.83,55.0,49.14,52.32,7047300.0
2008-08-12,66.13,67.29,53.0,54.27,11149200.0,0.0,1.0,66.13,67.29,53.0,54.27,11149200.0
2008-08-11,65.08,66.67,64.4001,66.07,985500.0,0.0,1.0,65.08,66.67,64.4001,66.07,985500.0
2008-08-08,63.42,64.89,63.0,64.44,549900.0,0.0,1.0,63.42,64.89,63.0,64.44,549900.0
2008-08-07,63.27,65.4995,62.64,63.85,977000.0,0.0,1.0,63.27,65.4995,62.64,63.85,977000.0
2008-08-06,62.84,63.56,61.69,63.17,798800.0,0.0,1.0,62.84,63.56,61.69,63.17,798800.0
2008-08-05,62.72,63.06,61.33,62.82,915300.0,0.0,1.0,62.72,63.06,61.33,62.82,915300.0
2008-08-04,63.06,63.604,61.82,62.45,662900.0,0.0,1.0,63.06,63.604,61.82,62.45,662900.0
2008-08-01,64.67,64.67,60.92,62.89,1202900.0,0.0,1.0,64.67,64.67,60.92,62.89,1202900.0
2008-07-31,64.39,65.72,64.0,64.12,1011000.0,0.0,1.0,64.39,65.72,64.0,64.12,1011000.0
2008-07-30,66.25,67.98,64.25,65.05,1179700.0,0.0,1.0,66.25,67.98,64.25,65.05,1179700.0
2008-07-29,64.0,66.0,62.77,65.53,1500500.0,0.0,1.0,64.0,66.0,62.77,65.53,1500500.0
2008-07-28,63.65,63.65,59.36,60.91,624500.0,0.0,1.0,63.65,63.65,59.36,60.91,624500.0
2008-07-25,62.9,63.24,61.28,61.63,772200.0,0.0,1.0,62.9,63.24,61.28,61.63,772200.0
2008-07-24,62.83,63.5,62.01,62.36,622500.0,0.0,1.0,62.83,63.5,62.01,62.36,622500.0
2008-07-23,62.92,63.74,61.55,62.79,696600.0,0.0,1.0,62.92,63.74,61.55,62.79,696600.0
2008-07-22,61.58,62.89,60.57,62.58,726100.0,0.0,1.0,61.58,62.89,60.57,62.58,726100.0
2008-07-21,62.19,62.6,60.595,61.86,815300.0,0.0,1.0,62.19,62.6,60.595,61.86,815300.0
2008-07-18,60.29,62.4525,58.86,61.76,1309100.0,0.0,1.0,60.29,62.4525,58.86,61.76,1309100.0
2008-07-17,60.5,63.92,58.01,59.94,2913900.0,0.0,1.0,60.5,63.92,58.01,59.94,2913900.0
2008-07-16,57.92,58.92,55.208999999999996,55.74,1047900.0,0.0,1.0,57.92,58.92,55.208999999999996,55.74,1047900.0
2008-07-15,54.77,57.75,53.77,57.36,1310600.0,0.0,1.0,54.77,57.75,53.77,57.36,1310600.0
2008-07-14,53.43,55.86,53.36,55.66,1015200.0,0.0,1.0,53.43,55.86,53.36,55.66,1015200.0
2008-07-11,51.98,53.75,51.97,53.51,771000.0,0.0,1.0,51.98,53.75,51.97,53.51,771000.0
2008-07-10,50.98,53.16,50.21,53.16,972300.0,0.0,1.0,50.98,53.16,50.21,53.16,972300.0
2008-07-09,50.3,51.3,49.48,51.15,393800.0,0.0,1.0,50.3,51.3,49.48,51.15,393800.0
2008-07-08,48.88,50.24,48.64,50.24,337100.0,0.0,1.0,48.88,50.24,48.64,50.24,337100.0
2008-07-07,49.16,49.46,48.51,48.9,442800.0,0.0,1.0,49.16,49.46,48.51,48.9,442800.0
2008-07-03,49.96,49.98,48.75,49.03,558100.0,0.0,1.0,49.96,49.98,48.75,49.03,558100.0
2008-07-02,51.26,51.79,49.8,50.04,697800.0,0.0,1.0,51.26,51.79,49.8,50.04,697800.0
2008-07-01,50.29,51.06,49.54,50.36,871300.0,0.0,1.0,50.29,51.06,49.54,50.36,871300.0
2008-06-30,50.15,51.5399,49.74,50.42,418500.0,0.0,1.0,50.15,51.5399,49.74,50.42,418500.0
2008-06-27,50.03,50.9,49.72,50.23,599000.0,0.0,1.0,50.03,50.9,49.72,50.23,599000.0
2008-06-26,49.82,50.38,49.41,50.11,325900.0,0.0,1.0,49.82,50.38,49.41,50.11,325900.0
2008-06-25,49.42,50.21,48.78,50.21,486000.0,0.0,1.0,49.42,50.21,48.78,50.21,486000.0
2008-06-24,50.81,51.13,49.5,49.6,601500.0,0.0,1.0,50.81,51.13,49.5,49.6,601500.0
2008-06-23,51.94,51.99,51.05,51.27,227000.0,0.0,1.0,51.94,51.99,51.05,51.27,227000.0
2008-06-20,51.49,52.56,50.83,51.46,594900.0,0.0,1.0,51.49,52.56,50.83,51.46,594900.0
2008-06-19,52.25,52.85,51.46,52.79,323700.0,0.0,1.0,52.25,52.85,51.46,52.79,323700.0
2008-06-18,52.3,54.4,51.88,52.25,657700.0,0.0,1.0,52.3,54.4,51.88,52.25,657700.0
2008-06-17,52.11,52.54,51.39,52.53,335700.0,0.0,1.0,52.11,52.54,51.39,52.53,335700.0
2008-06-16,52.08,52.5,51.25,52.1,455700.0,0.0,1.0,52.08,52.5,51.25,52.1,455700.0
2008-06-13,51.15,51.51,50.58,51.22,374900.0,0.0,1.0,51.15,51.51,50.58,51.22,374900.0
2008-06-12,50.31,51.34,50.11,50.81,459200.0,0.0,1.0,50.31,51.34,50.11,50.81,459200.0
2008-06-11,49.35,50.18,48.5,50.08,526100.0,0.0,1.0,49.35,50.18,48.5,50.08,526100.0
2008-06-10,48.87,50.055,48.5,49.68,542400.0,0.0,1.0,48.87,50.055,48.5,49.68,542400.0
2008-06-09,49.48,49.77,48.26,49.17,387600.0,0.0,1.0,49.48,49.77,48.26,49.17,387600.0
2008-06-06,51.57,51.57,49.57,49.64,319800.0,0.0,1.0,51.57,51.57,49.57,49.64,319800.0
2008-06-05,50.29,52.44,50.2,52.03,474700.0,0.0,1.0,50.29,52.44,50.2,52.03,474700.0
2008-06-04,50.6,50.64,48.8,50.1,434700.0,0.0,1.0,50.6,50.64,48.8,50.1,434700.0
2008-06-03,50.24,51.68,50.24,50.89,548600.0,0.0,1.0,50.24,51.68,50.24,50.89,548600.0
2008-06-02,50.5,50.69,49.48,50.3,425700.0,0.0,1.0,50.5,50.69,49.48,50.3,425700.0
2008-05-30,51.65,51.65,50.51,50.81,373200.0,0.0,1.0,51.65,51.65,50.51,50.81,373200.0
2008-05-29,50.83,52.36,50.83,51.44,431100.0,0.0,1.0,50.83,52.36,50.83,51.44,431100.0
2008-05-28,51.81,52.0,50.39,50.89,363800.0,0.0,1.0,51.81,52.0,50.39,50.89,363800.0
2008-05-27,51.14,51.7,50.11,51.65,290300.0,0.0,1.0,51.14,51.7,50.11,51.65,290300.0
2008-05-23,52.55,52.88,51.08,51.17,356000.0,0.0,1.0,52.55,52.88,51.08,51.17,356000.0
2008-05-22,52.0,53.0,51.64,52.55,270400.0,0.0,1.0,52.0,53.0,51.64,52.55,270400.0
2008-05-21,52.67,53.5,51.42,52.0,452400.0,0.0,1.0,52.67,53.5,51.42,52.0,452400.0
2008-05-20,52.19,52.86,51.653999999999996,52.41,604100.0,0.0,1.0,52.19,52.86,51.653999999999996,52.41,604100.0
2008-05-19,52.38,52.94,51.75,52.22,354100.0,0.0,1.0,52.38,52.94,51.75,52.22,354100.0
2008-05-16,51.86,52.41,51.22,52.38,503500.0,0.0,1.0,51.86,52.41,51.22,52.38,503500.0
2008-05-15,51.3,51.65,50.05,51.55,321200.0,0.0,1.0,51.3,51.65,50.05,51.55,321200.0
2008-05-14,51.9,52.5,51.3,51.42,408100.0,0.0,1.0,51.9,52.5,51.3,51.42,408100.0
2008-05-13,52.54,52.68,51.54,51.99,292300.0,0.0,1.0,52.54,52.68,51.54,51.99,292300.0
2008-05-12,52.86,53.13,51.91,52.68,352900.0,0.0,1.0,52.86,53.13,51.91,52.68,352900.0
2008-05-09,51.61,52.97,51.3,52.88,416500.0,0.0,1.0,51.61,52.97,51.3,52.88,416500.0
2008-05-08,51.43,52.08,51.22,51.94,247800.0,0.0,1.0,51.43,52.08,51.22,51.94,247800.0
2008-05-07,51.41,52.47,51.21,51.38,246400.0,0.0,1.0,51.41,52.47,51.21,51.38,246400.0
2008-05-06,51.77,52.4399,51.24,51.56,382400.0,0.0,1.0,51.77,52.4399,51.24,51.56,382400.0
2008-05-05,51.26,51.75,50.6,51.66,483300.0,0.0,1.0,51.26,51.75,50.6,51.66,483300.0
2008-05-02,52.52,53.5,51.42,51.63,986800.0,0.0,1.0,52.52,53.5,51.42,51.63,986800.0
2008-05-01,51.56,52.9,50.6,52.34,727000.0,0.0,1.0,51.56,52.9,50.6,52.34,727000.0
2008-04-30,48.55,52.9,48.01,51.8,1982700.0,0.0,1.0,48.55,52.9,48.01,51.8,1982700.0
2008-04-29,47.64,47.75,46.294,47.09,689600.0,0.0,1.0,47.64,47.75,46.294,47.09,689600.0
2008-04-28,47.54,49.54,47.07,47.64,1435100.0,0.0,1.0,47.54,49.54,47.07,47.64,1435100.0
2008-04-25,46.05,46.99,45.78,46.63,390000.0,0.0,1.0,46.05,46.99,45.78,46.63,390000.0
2008-04-24,45.3,46.05,44.46,45.65,413300.0,0.0,1.0,45.3,46.05,44.46,45.65,413300.0
2008-04-23,43.92,45.84,43.01,45.18,501800.0,0.0,1.0,43.92,45.84,43.01,45.18,501800.0
2008-04-22,43.51,43.82,42.07,42.73,382400.0,0.0,1.0,43.51,43.82,42.07,42.73,382400.0
2008-04-21,43.09,43.9,43.09,43.8,443000.0,0.0,1.0,43.09,43.9,43.09,43.8,443000.0
2008-04-18,42.83,43.42,42.29,43.06,306000.0,0.0,1.0,42.83,43.42,42.29,43.06,306000.0
2008-04-17,42.45,42.56,41.97,42.06,309600.0,0.0,1.0,42.45,42.56,41.97,42.06,309600.0
2008-04-16,39.94,42.73,39.77,42.4,912000.0,0.0,1.0,39.94,42.73,39.77,42.4,912000.0
2008-04-15,38.71,39.42,38.71,39.4,329200.0,0.0,1.0,38.71,39.42,38.71,39.4,329200.0
2008-04-14,39.75,39.87,38.26,38.53,511400.0,0.0,1.0,39.75,39.87,38.26,38.53,511400.0
2008-04-11,40.37,40.65,39.83,39.94,358300.0,0.0,1.0,40.37,40.65,39.83,39.94,358300.0
2008-04-10,40.58,41.17,40.01,40.73,253900.0,0.0,1.0,40.58,41.17,40.01,40.73,253900.0
2008-04-09,40.3,40.64,39.86,40.33,288500.0,0.0,1.0,40.3,40.64,39.86,40.33,288500.0
2008-04-08,39.45,40.16,39.15,40.16,456700.0,0.0,1.0,39.45,40.16,39.15,40.16,456700.0
2008-04-07,41.39,41.53,39.11,39.33,596600.0,0.0,1.0,41.39,41.53,39.11,39.33,596600.0
2008-04-04,41.4,41.97,41.14,41.69,242400.0,0.0,1.0,41.4,41.97,41.14,41.69,242400.0
2008-04-03,41.47,41.51,40.8,41.51,410900.0,0.0,1.0,41.47,41.51,40.8,41.51,410900.0
2008-04-02,41.44,41.93,41.07,41.32,329600.0,0.0,1.0,41.44,41.93,41.07,41.32,329600.0
2008-04-01,39.67,41.4,39.67,41.37,628000.0,0.0,1.0,39.67,41.4,39.67,41.37,628000.0
2008-03-31,37.32,39.59,37.32,39.34,557800.0,0.0,1.0,37.32,39.59,37.32,39.34,557800.0
2008-03-28,38.83,39.66,36.98,37.12,779900.0,0.0,1.0,38.83,39.66,36.98,37.12,779900.0
2008-03-27,39.75,39.75,38.51,38.67,375100.0,0.0,1.0,39.75,39.75,38.51,38.67,375100.0
2008-03-26,39.75,39.9,39.38,39.63,284400.0,0.0,1.0,39.75,39.9,39.38,39.63,284400.0
2008-03-25,39.95,40.14,39.4,39.83,562000.0,0.0,1.0,39.95,40.14,39.4,39.83,562000.0
2008-03-24,39.85,39.95,39.3,39.63,731400.0,0.0,1.0,39.85,39.95,39.3,39.63,731400.0
2008-03-20,37.83,39.2,37.48,39.05,1104500.0,0.0,1.0,37.83,39.2,37.48,39.05,1104500.0
2008-03-19,37.61,38.5,37.45,37.46,367100.0,0.0,1.0,37.61,38.5,37.45,37.46,367100.0
2008-03-18,37.41,37.75,36.56,37.25,737800.0,0.0,1.0,37.41,37.75,36.56,37.25,737800.0
2008-03-17,36.74,37.88,36.18,36.96,426800.0,0.0,1.0,36.74,37.88,36.18,36.96,426800.0
2008-03-14,38.84,38.84,36.7,37.36,613600.0,0.0,1.0,38.84,38.84,36.7,37.36,613600.0
2008-03-13,37.87,38.7,36.76,38.59,660700.0,0.0,1.0,37.87,38.7,36.76,38.59,660700.0
2008-03-12,39.07,39.1,37.82,38.02,584200.0,0.0,1.0,39.07,39.1,37.82,38.02,584200.0
2008-03-11,39.55,39.88,38.18,38.91,1218600.0,0.0,1.0,39.55,39.88,38.18,38.91,1218600.0
2008-03-10,39.17,39.93,38.8,39.33,735000.0,0.0,1.0,39.17,39.93,38.8,39.33,735000.0
2008-03-07,40.18,40.18,38.69,38.93,680200.0,0.0,1.0,40.18,40.18,38.69,38.93,680200.0
2008-03-06,42.27,42.94,40.47,40.53,671700.0,0.0,1.0,42.27,42.94,40.47,40.53,671700.0
2008-03-05,42.05,43.23,42.05,42.52,319300.0,0.0,1.0,42.05,43.23,42.05,42.52,319300.0
2008-03-04,43.37,43.68,42.0,42.01,838700.0,0.0,1.0,43.37,43.68,42.0,42.01,838700.0
2008-03-03,42.98,43.47,41.67,43.05,829400.0,0.0,1.0,42.98,43.47,41.67,43.05,829400.0
2008-02-29,44.89,45.21,42.135,42.78,1038000.0,0.0,1.0,44.89,45.21,42.135,42.78,1038000.0
2008-02-28,46.45,46.48,45.26,45.84,550700.0,0.0,1.0,46.45,46.48,45.26,45.84,550700.0
2008-02-27,46.58,48.67,44.66,46.57,1022500.0,0.0,1.0,46.58,48.67,44.66,46.57,1022500.0
2008-02-26,47.73,48.45,46.79,47.36,462300.0,0.0,1.0,47.73,48.45,46.79,47.36,462300.0
2008-02-25,45.76,47.88,45.72,47.71,482600.0,0.0,1.0,45.76,47.88,45.72,47.71,482600.0
2008-02-22,47.56,48.09,45.61,45.93,403900.0,0.0,1.0,47.56,48.09,45.61,45.93,403900.0
2008-02-21,47.5,48.54,47.0,47.5,524600.0,0.0,1.0,47.5,48.54,47.0,47.5,524600.0
2008-02-20,46.83,47.72,46.12,47.48,599900.0,0.0,1.0,46.83,47.72,46.12,47.48,599900.0
2008-02-19,44.06,47.67,44.01,45.5,1048800.0,0.0,1.0,44.06,47.67,44.01,45.5,1048800.0
2008-02-15,42.92,43.47,42.23,43.36,372900.0,0.0,1.0,42.92,43.47,42.23,43.36,372900.0
2008-02-14,45.32,45.32,43.12,43.12,312300.0,0.0,1.0,45.32,45.32,43.12,43.12,312300.0
2008-02-13,43.98,45.33,43.73,45.2,349400.0,0.0,1.0,43.98,45.33,43.73,45.2,349400.0
2008-02-12,43.55,44.11,42.8,43.64,406500.0,0.0,1.0,43.55,44.11,42.8,43.64,406500.0
2008-02-11,44.55,44.75,43.38,43.4,261800.0,0.0,1.0,44.55,44.75,43.38,43.4,261800.0
2008-02-08,43.94,44.99,43.19,44.62,424500.0,0.0,1.0,43.94,44.99,43.19,44.62,424500.0
2008-02-07,42.1,44.12,42.03,44.1,547700.0,0.0,1.0,42.1,44.12,42.03,44.1,547700.0
2008-02-06,43.73,43.82,42.05,42.26,431200.0,0.0,1.0,43.73,43.82,42.05,42.26,431200.0
2008-02-05,44.07,44.95,43.29,43.33,306300.0,0.0,1.0,44.07,44.95,43.29,43.33,306300.0
2008-02-04,43.07,44.89,42.89,44.11,351900.0,0.0,1.0,43.07,44.89,42.89,44.11,351900.0
2008-02-01,42.83,43.08,42.07,43.04,471100.0,0.0,1.0,42.83,43.08,42.07,43.04,471100.0
2008-01-31,43.34,43.89,42.33,42.63,743900.0,0.0,1.0,43.34,43.89,42.33,42.63,743900.0
2008-01-30,44.89,45.26,43.53,43.74,372600.0,0.0,1.0,44.89,45.26,43.53,43.74,372600.0
2008-01-29,44.72,45.68,44.26,45.04,482400.0,0.0,1.0,44.72,45.68,44.26,45.04,482400.0
2008-01-28,44.88,45.06,44.0,44.75,633700.0,0.0,1.0,44.88,45.06,44.0,44.75,633700.0
2008-01-25,44.34,45.8,44.02,45.07,497700.0,0.0,1.0,44.34,45.8,44.02,45.07,497700.0
2008-01-24,45.57,46.08,43.83,43.95,712300.0,0.0,1.0,45.57,46.08,43.83,43.95,712300.0
2008-01-23,44.55,45.99,44.0,45.83,587700.0,0.0,1.0,44.55,45.99,44.0,45.83,587700.0
2008-01-22,45.0,46.39,41.01,45.57,701000.0,0.0,1.0,45.0,46.39,41.01,45.57,701000.0
2008-01-18,48.12,48.81,46.52,46.86,447600.0,0.0,1.0,48.12,48.81,46.52,46.86,447600.0
2008-01-17,48.17,49.24,47.99,48.25,730600.0,0.0,1.0,48.17,49.24,47.99,48.25,730600.0
2008-01-16,47.42,48.99,47.1,48.48,443200.0,0.0,1.0,47.42,48.99,47.1,48.48,443200.0
2008-01-15,47.83,48.29,47.42,47.69,719500.0,0.0,1.0,47.83,48.29,47.42,47.69,719500.0
2008-01-14,47.0,47.75,46.04,47.69,403000.0,0.0,1.0,47.0,47.75,46.04,47.69,403000.0
2008-01-11,46.75,47.01,46.21,46.55,370700.0,0.0,1.0,46.75,47.01,46.21,46.55,370700.0
2008-01-10,46.52,47.11,46.14,46.91,269900.0,0.0,1.0,46.52,47.11,46.14,46.91,269900.0
2008-01-09,45.58,47.57,45.46,47.25,529600.0,0.0,1.0,45.58,47.57,45.46,47.25,529600.0
2008-01-08,48.28,48.72,45.48,45.73,627200.0,0.0,1.0,48.28,48.72,45.48,45.73,627200.0
2008-01-07,47.68,48.62,47.44,48.15,541300.0,0.0,1.0,47.68,48.62,47.44,48.15,541300.0
2008-01-04,47.09,47.83,46.08,46.54,539400.0,0.0,1.0,47.09,47.83,46.08,46.54,539400.0
2008-01-03,48.86,49.49,48.6,48.9,594700.0,0.0,1.0,48.86,49.49,48.6,48.9,594700.0
2008-01-02,49.69,49.99,47.89,48.35,827600.0,0.0,1.0,49.69,49.99,47.89,48.35,827600.0
2007-12-31,48.84,49.08,48.06,48.52,369600.0,0.0,1.0,48.84,49.08,48.06,48.52,369600.0
2007-12-28,48.78,49.1,48.65,48.88,497100.0,0.0,1.0,48.78,49.1,48.65,48.88,497100.0
2007-12-27,49.54,49.54,48.7,48.74,413100.0,0.0,1.0,49.54,49.54,48.7,48.74,413100.0
2007-12-26,48.7,49.58,47.59,49.19,452400.0,0.0,1.0,48.7,49.58,47.59,49.19,452400.0
2007-12-24,48.97,48.97,48.22,48.55,168800.0,0.0,1.0,48.97,48.97,48.22,48.55,168800.0
2007-12-21,49.105,49.79,47.63,48.55,1084800.0,0.0,1.0,49.105,49.79,47.63,48.55,1084800.0
2007-12-20,46.31,48.61,46.31,48.43,765200.0,0.0,1.0,46.31,48.61,46.31,48.43,765200.0
2007-12-19,45.28,46.57,45.12,46.32,493000.0,0.0,1.0,45.28,46.57,45.12,46.32,493000.0
2007-12-18,42.69,45.33,42.44,45.33,443100.0,0.0,1.0,42.69,45.33,42.44,45.33,443100.0
2007-12-17,44.08,44.08,42.16,42.16,323100.0,0.0,1.0,44.08,44.08,42.16,42.16,323100.0
2007-12-14,44.92,44.9692,43.54,44.41,307100.0,0.0,1.0,44.92,44.9692,43.54,44.41,307100.0
2007-12-13,44.08,44.965,44.01,44.95,353800.0,0.0,1.0,44.08,44.965,44.01,44.95,353800.0
2007-12-12,44.61,44.99,43.4,44.15,318900.0,0.0,1.0,44.61,44.99,43.4,44.15,318900.0
2007-12-11,44.04,44.94,43.8,44.06,279400.0,0.0,1.0,44.04,44.94,43.8,44.06,279400.0
2007-12-10,43.7,44.3999,43.35,43.84,322100.0,0.0,1.0,43.7,44.3999,43.35,43.84,322100.0
2007-12-07,46.48,46.68,42.53,43.33,832500.0,0.0,1.0,46.48,46.68,42.53,43.33,832500.0
2007-12-06,44.2,46.68,44.09,46.0,442100.0,0.0,1.0,44.2,46.68,44.09,46.0,442100.0
2007-12-05,44.16,44.39,43.66,44.2,280900.0,0.0,1.0,44.16,44.39,43.66,44.2,280900.0
2007-12-04,44.0,44.21,43.31,43.39,282200.0,0.0,1.0,44.0,44.21,43.31,43.39,282200.0
2007-12-03,42.89,44.76,42.56,44.2,355200.0,0.0,1.0,42.89,44.76,42.56,44.2,355200.0
2007-11-30,42.71,43.6399,42.45,42.66,303000.0,0.0,1.0,42.71,43.6399,42.45,42.66,303000.0
2007-11-29,42.36,43.15,42.05,42.29,250600.0,0.0,1.0,42.36,43.15,42.05,42.29,250600.0
2007-11-28,42.27,42.58,41.97,42.4,351900.0,0.0,1.0,42.27,42.58,41.97,42.4,351900.0
2007-11-27,42.04,42.37,41.6,42.0,245400.0,0.0,1.0,42.04,42.37,41.6,42.0,245400.0
2007-11-26,42.99,43.26,41.82,41.95,187900.0,0.0,1.0,42.99,43.26,41.82,41.95,187900.0
2007-11-23,42.21,43.23,42.15,42.74,68900.0,0.0,1.0,42.21,43.23,42.15,42.74,68900.0
2007-11-21,42.47,42.58,41.5601,41.88,273300.0,0.0,1.0,42.47,42.58,41.5601,41.88,273300.0
2007-11-20,42.82,43.0,42.0,42.63,467200.0,0.0,1.0,42.82,43.0,42.0,42.63,467200.0
2007-11-19,43.52,43.81,42.8,42.83,217200.0,0.0,1.0,43.52,43.81,42.8,42.83,217200.0
2007-11-16,43.43,43.72,43.0,43.43,181500.0,0.0,1.0,43.43,43.72,43.0,43.43,181500.0
2007-11-15,44.06,44.1,43.01,43.34,286800.0,0.0,1.0,44.06,44.1,43.01,43.34,286800.0
2007-11-14,43.95,45.02,43.73,44.29,467700.0,0.0,1.0,43.95,45.02,43.73,44.29,467700.0
2007-11-13,42.47,44.0,42.36,43.87,676900.0,0.0,1.0,42.47,44.0,42.36,43.87,676900.0
2007-11-12,41.54,42.59,41.5,42.36,406400.0,0.0,1.0,41.54,42.59,41.5,42.36,406400.0
2007-11-09,41.25,41.83,41.02,41.4,363100.0,0.0,1.0,41.25,41.83,41.02,41.4,363100.0
2007-11-08,42.06,42.4,40.5601,41.88,461600.0,0.0,1.0,42.06,42.4,40.5601,41.88,461600.0
2007-11-07,42.09,42.29,41.5,41.54,351700.0,0.0,1.0,42.09,42.29,41.5,41.54,351700.0
2007-11-06,42.08,42.53,41.56,42.53,292200.0,0.0,1.0,42.08,42.53,41.56,42.53,292200.0
2007-11-05,41.82,42.97,41.24,41.85,422500.0,0.0,1.0,41.82,42.97,41.24,41.85,422500.0
2007-11-02,42.87,43.29,42.44,42.75,365300.0,0.0,1.0,42.87,43.29,42.44,42.75,365300.0
2007-11-01,41.71,42.86,41.68,42.45,573500.0,0.0,1.0,41.71,42.86,41.68,42.45,573500.0
2007-10-31,42.18,42.78,41.82,42.45,900900.0,0.0,1.0,42.18,42.78,41.82,42.45,900900.0
2007-10-30,42.36,44.68,41.76,43.4,2566600.0,0.0,1.0,42.36,44.68,41.76,43.4,2566600.0
2007-10-29,37.15,37.18,36.56,36.65,395500.0,0.0,1.0,37.15,37.18,36.56,36.65,395500.0
2007-10-26,37.45,37.49,36.79,36.95,209700.0,0.0,1.0,37.45,37.49,36.79,36.95,209700.0
2007-10-25,37.5,37.56,36.78,37.0,273900.0,0.0,1.0,37.5,37.56,36.78,37.0,273900.0
2007-10-24,37.54,38.12,36.5,37.09,407300.0,0.0,1.0,37.54,38.12,36.5,37.09,407300.0
2007-10-23,38.28,38.28,37.2,37.38,304900.0,0.0,1.0,38.28,38.28,37.2,37.38,304900.0
2007-10-22,37.26,37.94,36.8,37.79,309000.0,0.0,1.0,37.26,37.94,36.8,37.79,309000.0
2007-10-19,36.94,37.3875,36.39,36.75,409600.0,0.0,1.0,36.94,37.3875,36.39,36.75,409600.0
2007-10-18,37.12,37.6,36.88,36.93,244000.0,0.0,1.0,37.12,37.6,36.88,36.93,244000.0
2007-10-17,37.8,37.88,37.08,37.2,274200.0,0.0,1.0,37.8,37.88,37.08,37.2,274200.0
2007-10-16,37.88,38.18,37.4,37.64,320800.0,0.0,1.0,37.88,38.18,37.4,37.64,320800.0
2007-10-15,38.42,38.69,37.81,37.91,187500.0,0.0,1.0,38.42,38.69,37.81,37.91,187500.0
2007-10-12,38.48,38.94,37.95,38.52,134200.0,0.0,1.0,38.48,38.94,37.95,38.52,134200.0
2007-10-11,39.85,39.85,38.0,38.5,531500.0,0.0,1.0,39.85,39.85,38.0,38.5,531500.0
2007-10-10,39.17,39.51,38.44,39.5,512000.0,0.0,1.0,39.17,39.51,38.44,39.5,512000.0
2007-10-09,39.39,40.26,39.39,40.13,267700.0,0.0,1.0,39.39,40.26,39.39,40.13,267700.0
2007-10-08,39.16,39.45,38.93,39.36,194200.0,0.0,1.0,39.16,39.45,38.93,39.36,194200.0
2007-10-05,39.34,39.45,39.01,39.17,207300.0,0.0,1.0,39.34,39.45,39.01,39.17,207300.0
2007-10-04,39.05,39.21,38.96,39.05,233800.0,0.0,1.0,39.05,39.21,38.96,39.05,233800.0
2007-10-03,38.59,39.14,38.46,38.97,362800.0,0.0,1.0,38.59,39.14,38.46,38.97,362800.0
2007-10-02,39.2,39.28,38.79,38.87,237500.0,0.0,1.0,39.2,39.28,38.79,38.87,237500.0
2007-10-01,38.3,39.41,37.96,39.1,399100.0,0.0,1.0,38.3,39.41,37.96,39.1,399100.0
2007-09-28,39.09,39.11,38.34,38.42,438900.0,0.0,1.0,39.09,39.11,38.34,38.42,438900.0
2007-09-27,38.89,39.05,38.71,38.97,181000.0,0.0,1.0,38.89,39.05,38.71,38.97,181000.0
2007-09-26,39.12,39.61,38.64,38.87,287100.0,0.0,1.0,39.12,39.61,38.64,38.87,287100.0
2007-09-25,38.97,39.44,38.81,39.08,189800.0,0.0,1.0,38.97,39.44,38.81,39.08,189800.0
2007-09-24,39.1,39.52,38.85,39.14,184500.0,0.0,1.0,39.1,39.52,38.85,39.14,184500.0
2007-09-21,39.45,39.84,38.94,39.03,404400.0,0.0,1.0,39.45,39.84,38.94,39.03,404400.0
2007-09-20,39.06,39.27,38.94,39.11,359300.0,0.0,1.0,39.06,39.27,38.94,39.11,359300.0
2007-09-19,38.89,39.7,38.77,39.17,362800.0,0.0,1.0,38.89,39.7,38.77,39.17,362800.0
2007-09-18,38.19,38.69,37.86,38.59,460600.0,0.0,1.0,38.19,38.69,37.86,38.59,460600.0
2007-09-17,37.38,38.19,37.05,38.1,554400.0,0.0,1.0,37.38,38.19,37.05,38.1,554400.0
2007-09-14,37.71,37.78,37.24,37.41,325000.0,0.0,1.0,37.71,37.78,37.24,37.41,325000.0
2007-09-13,38.38,38.38,37.77,37.85,261000.0,0.0,1.0,38.38,38.38,37.77,37.85,261000.0
2007-09-12,38.2,38.43,37.91,38.27,581100.0,0.0,1.0,38.2,38.43,37.91,38.27,581100.0
2007-09-11,38.0,38.34,37.74,38.13,528900.0,0.0,1.0,38.0,38.34,37.74,38.13,528900.0
2007-09-10,38.02,38.06,37.5,37.82,375000.0,0.0,1.0,38.02,38.06,37.5,37.82,375000.0
2007-09-07,37.74,38.16,37.59,38.13,306700.0,0.0,1.0,37.74,38.16,37.59,38.13,306700.0
2007-09-06,37.9,38.13,37.81,38.02,236600.0,0.0,1.0,37.9,38.13,37.81,38.02,236600.0
2007-09-05,37.36,38.16,37.36,38.02,543600.0,0.0,1.0,37.36,38.16,37.36,38.02,543600.0
2007-09-04,37.48,38.02,37.25,37.65,621500.0,0.0,1.0,37.48,38.02,37.25,37.65,621500.0
2007-08-31,37.36,38.04,37.0,37.78,608900.0,0.0,1.0,37.36,38.04,37.0,37.78,608900.0
2007-08-30,37.66,38.05,37.46,37.97,204400.0,0.0,1.0,37.66,38.05,37.46,37.97,204400.0
2007-08-29,37.49,38.0,37.02,37.88,365700.0,0.0,1.0,37.49,38.0,37.02,37.88,365700.0
2007-08-28,37.88,38.01,37.22,37.25,240400.0,0.0,1.0,37.88,38.01,37.22,37.25,240400.0
2007-08-27,38.14,38.28,37.55,38.06,235800.0,0.0,1.0,38.14,38.28,37.55,38.06,235800.0
2007-08-24,37.65,38.31,36.99,38.2,362800.0,0.0,1.0,37.65,38.31,36.99,38.2,362800.0
2007-08-23,38.2,38.38,36.52,37.5,1659000.0,0.0,1.0,38.2,38.38,36.52,37.5,1659000.0
2007-08-22,39.71,39.89,39.33,39.58,213600.0,0.0,1.0,39.71,39.89,39.33,39.58,213600.0
2007-08-21,39.79,39.79,39.27,39.36,403500.0,0.0,1.0,39.79,39.79,39.27,39.36,403500.0
2007-08-20,40.09,40.14,39.49,40.03,294800.0,0.0,1.0,40.09,40.14,39.49,40.03,294800.0
2007-08-17,40.25,40.49,39.24,39.8,436600.0,0.0,1.0,40.25,40.49,39.24,39.8,436600.0
2007-08-16,38.58,39.62,38.49,39.25,516100.0,0.0,1.0,38.58,39.62,38.49,39.25,516100.0
2007-08-15,38.58,39.3,38.5501,38.85,594200.0,0.0,1.0,38.58,39.3,38.5501,38.85,594200.0
2007-08-14,39.19,39.3,38.63,38.8,201300.0,0.0,1.0,39.19,39.3,38.63,38.8,201300.0
2007-08-13,39.24,39.49,38.36,38.87,334800.0,0.0,1.0,39.24,39.49,38.36,38.87,334800.0
2007-08-10,39.25,39.77,38.55,38.99,450300.0,0.0,1.0,39.25,39.77,38.55,38.99,450300.0
2007-08-09,38.11,40.04,37.11,39.49,806800.0,0.0,1.0,38.11,40.04,37.11,39.49,806800.0
2007-08-08,39.48,39.77,38.25,38.56,1044000.0,0.0,1.0,39.48,39.77,38.25,38.56,1044000.0
2007-08-07,38.61,39.52,38.42,39.34,705600.0,0.0,1.0,38.61,39.52,38.42,39.34,705600.0
2007-08-06,38.04,38.97,37.6118,38.75,784400.0,0.0,1.0,38.04,38.97,37.6118,38.75,784400.0
2007-08-03,38.22,38.73,37.94,38.21,987200.0,0.0,1.0,38.22,38.73,37.94,38.21,987200.0
2007-08-02,38.05,38.41,37.65,38.16,657400.0,0.0,1.0,38.05,38.41,37.65,38.16,657400.0
2007-08-01,37.97,38.16,37.2,37.93,635300.0,0.0,1.0,37.97,38.16,37.2,37.93,635300.0
2007-07-31,37.59,39.14,37.2202,37.85,1072600.0,0.0,1.0,37.59,39.14,37.2202,37.85,1072600.0
2007-07-30,35.74,36.93,34.27,36.65,634000.0,0.0,1.0,35.74,36.93,34.27,36.65,634000.0
2007-07-27,36.2,36.8,35.6,35.6,415600.0,0.0,1.0,36.2,36.8,35.6,35.6,415600.0
2007-07-26,36.72,37.1,35.6301,36.2,431600.0,0.0,1.0,36.72,37.1,35.6301,36.2,431600.0
2007-07-25,36.84,37.31,36.68,37.18,341100.0,0.0,1.0,36.84,37.31,36.68,37.18,341100.0
2007-07-24,37.96,38.29,36.5,36.6101,408900.0,0.0,1.0,37.96,38.29,36.5,36.6101,408900.0
2007-07-23,38.5,38.53,37.98,38.01,235800.0,0.0,1.0,38.5,38.53,37.98,38.01,235800.0
2007-07-20,38.94,38.96,37.91,38.35,361400.0,0.0,1.0,38.94,38.96,37.91,38.35,361400.0
2007-07-19,38.7,39.37,38.66,39.04,639800.0,0.0,1.0,38.7,39.37,38.66,39.04,639800.0
2007-07-18,37.82,38.66,37.55,38.65,656900.0,0.0,1.0,37.82,38.66,37.55,38.65,656900.0
2007-07-17,37.39,38.47,37.33,37.64,478400.0,0.0,1.0,37.39,38.47,37.33,37.64,478400.0
2007-07-16,37.1,37.81,36.94,37.27,394500.0,0.0,1.0,37.1,37.81,36.94,37.27,394500.0
2007-07-13,37.02,37.39,37.01,37.21,347400.0,0.0,1.0,37.02,37.39,37.01,37.21,347400.0
2007-07-12,36.87,37.16,36.7,36.88,408800.0,0.0,1.0,36.87,37.16,36.7,36.88,408800.0
2007-07-11,36.0,37.24,35.98,36.77,483600.0,0.0,1.0,36.0,37.24,35.98,36.77,483600.0
2007-07-10,36.47,37.33,35.93,36.15,748100.0,0.0,1.0,36.47,37.33,35.93,36.15,748100.0
2007-07-09,38.14,38.24,37.94,38.02,440100.0,0.0,1.0,38.14,38.24,37.94,38.02,440100.0
2007-07-06,38.24,38.25,37.81,37.9,359700.0,0.0,1.0,38.24,38.25,37.81,37.9,359700.0
2007-07-05,37.89,38.18,37.66,37.99,429500.0,0.0,1.0,37.89,38.18,37.66,37.99,429500.0
2007-07-03,36.92,37.58,36.73,37.37,117000.0,0.0,1.0,36.92,37.58,36.73,37.37,117000.0
2007-07-02,36.53,36.86,36.18,36.86,234900.0,0.0,1.0,36.53,36.86,36.18,36.86,234900.0
2007-06-29,37.41,37.57,36.24,36.33,298100.0,0.0,1.0,37.41,37.57,36.24,36.33,298100.0
2007-06-28,36.73,37.41,36.6,36.98,282200.0,0.0,1.0,36.73,37.41,36.6,36.98,282200.0
2007-06-27,35.93,36.87,35.73,36.52,529800.0,0.0,1.0,35.93,36.87,35.73,36.52,529800.0
2007-06-26,35.65,36.31,35.65,36.13,334900.0,0.0,1.0,35.65,36.31,35.65,36.13,334900.0
2007-06-25,35.24,36.07,35.13,35.65,262400.0,0.0,1.0,35.24,36.07,35.13,35.65,262400.0
2007-06-22,35.33,35.47,35.05,35.3,409600.0,0.0,1.0,35.33,35.47,35.05,35.3,409600.0
2007-06-21,35.47,35.67,35.05,35.47,291800.0,0.0,1.0,35.47,35.67,35.05,35.47,291800.0
2007-06-20,36.05,36.1569,35.2,35.44,364700.0,0.0,1.0,36.05,36.1569,35.2,35.44,364700.0
2007-06-19,35.59,36.2,35.48,36.03,345200.0,0.0,1.0,35.59,36.2,35.48,36.03,345200.0
2007-06-18,36.03,36.08,35.55,35.71,308600.0,0.0,1.0,36.03,36.08,35.55,35.71,308600.0
2007-06-15,35.88,36.39,35.67,36.08,478500.0,0.0,1.0,35.88,36.39,35.67,36.08,478500.0
2007-06-14,36.34,36.4,35.57,35.59,216900.0,0.0,1.0,36.34,36.4,35.57,35.59,216900.0
2007-06-13,36.3,36.5,35.56,36.25,364700.0,0.0,1.0,36.3,36.5,35.56,36.25,364700.0
2007-06-12,36.47,36.93,36.25,36.36,268100.0,0.0,1.0,36.47,36.93,36.25,36.36,268100.0
2007-06-11,36.9,36.9,36.1,36.68,171500.0,0.0,1.0,36.9,36.9,36.1,36.68,171500.0
2007-06-08,36.66,37.24,36.37,36.95,237800.0,0.0,1.0,36.66,37.24,36.37,36.95,237800.0
2007-06-07,36.9,37.01,36.24,36.6,208900.0,0.0,1.0,36.9,37.01,36.24,36.6,208900.0
2007-06-06,37.75,37.79,36.94,37.12,197300.0,0.0,1.0,37.75,37.79,36.94,37.12,197300.0
2007-06-05,38.3,38.48,37.63,37.77,345900.0,0.0,1.0,38.3,38.48,37.63,37.77,345900.0
2007-06-04,37.9,38.54,37.402,38.42,330600.0,0.0,1.0,37.9,38.54,37.402,38.42,330600.0
2007-06-01,37.43,37.83,37.11,37.75,260300.0,0.0,1.0,37.43,37.83,37.11,37.75,260300.0
2007-05-31,37.04,37.43,36.99,37.3,351300.0,0.0,1.0,37.04,37.43,36.99,37.3,351300.0
2007-05-30,36.86,37.24,36.787,37.2,239700.0,0.0,1.0,36.86,37.24,36.787,37.2,239700.0
2007-05-29,37.07,37.5,36.82,37.03,141500.0,0.0,1.0,37.07,37.5,36.82,37.03,141500.0
2007-05-25,36.91,37.22,36.78,37.08,174500.0,0.0,1.0,36.91,37.22,36.78,37.08,174500.0
2007-05-24,37.34,37.8,36.7,36.94,263400.0,0.0,1.0,37.34,37.8,36.7,36.94,263400.0
2007-05-23,38.0,38.0,37.35,37.4,229200.0,0.0,1.0,38.0,38.0,37.35,37.4,229200.0
2007-05-22,36.74,38.05,36.65,38.0,554100.0,0.0,1.0,36.74,38.05,36.65,38.0,554100.0
2007-05-21,36.85,36.89,36.31,36.83,203100.0,0.0,1.0,36.85,36.89,36.31,36.83,203100.0
2007-05-18,36.54,37.15,36.42,36.88,390900.0,0.0,1.0,36.54,37.15,36.42,36.88,390900.0
2007-05-17,36.91,37.06,36.36,36.55,223200.0,0.0,1.0,36.91,37.06,36.36,36.55,223200.0
2007-05-16,36.22,36.97,36.17,36.93,375500.0,0.0,1.0,36.22,36.97,36.17,36.93,375500.0
2007-05-15,36.0,36.69,35.88,36.15,451700.0,0.0,1.0,36.0,36.69,35.88,36.15,451700.0
2007-05-14,35.42,36.1,35.42,35.9,351300.0,0.0,1.0,35.42,36.1,35.42,35.9,351300.0
2007-05-11,35.38,36.03,35.25,35.42,186900.0,0.0,1.0,35.38,36.03,35.25,35.42,186900.0
2007-05-10,35.55,36.01,35.13,35.27,414600.0,0.0,1.0,35.55,36.01,35.13,35.27,414600.0
2007-05-09,35.82,36.06,35.31,35.52,706500.0,0.0,1.0,35.82,36.06,35.31,35.52,706500.0
2007-05-08,35.69,36.28,35.5,36.0,577800.0,0.0,1.0,35.69,36.28,35.5,36.0,577800.0
2007-05-07,35.15,35.76,35.0,35.73,308900.0,0.0,1.0,35.15,35.76,35.0,35.73,308900.0
2007-05-04,35.11,35.5368,35.11,35.5,508600.0,0.0,1.0,35.11,35.5368,35.11,35.5,508600.0
2007-05-03,35.06,35.55,34.91,35.18,634100.0,0.0,1.0,35.06,35.55,34.91,35.18,634100.0
2007-05-02,33.91,35.0,33.8598,34.84,1338900.0,0.0,1.0,33.91,35.0,33.8598,34.84,1338900.0
2007-05-01,33.33,34.05,32.47,33.775,1822800.0,0.0,1.0,33.33,34.05,32.47,33.775,1822800.0
2007-04-30,30.25,32.46,29.76,31.35,2498100.0,0.0,1.0,30.25,32.46,29.76,31.35,2498100.0
2007-04-27,31.84,31.92,30.28,30.44,1054300.0,0.0,1.0,31.84,31.92,30.28,30.44,1054300.0
2007-04-26,32.02,32.3453,31.78,31.87,221500.0,0.0,1.0,32.02,32.3453,31.78,31.87,221500.0
2007-04-25,31.89,32.35,31.64,32.11,327100.0,0.0,1.0,31.89,32.35,31.64,32.11,327100.0
2007-04-24,31.74,31.85,31.56,31.74,366700.0,0.0,1.0,31.74,31.85,31.56,31.74,366700.0
2007-04-23,32.21,32.21,31.8,31.81,300700.0,0.0,1.0,32.21,32.21,31.8,31.81,300700.0
2007-04-20,32.26,32.58,32.07,32.29,329400.0,0.0,1.0,32.26,32.58,32.07,32.29,329400.0
2007-04-19,31.86,32.2,31.81,32.07,539300.0,0.0,1.0,31.86,32.2,31.81,32.07,539300.0
2007-04-18,32.12,32.17,31.95,32.03,713400.0,0.0,1.0,32.12,32.17,31.95,32.03,713400.0
2007-04-17,32.72,33.02,32.3,32.36,542100.0,0.0,1.0,32.72,33.02,32.3,32.36,542100.0
2007-04-16,32.59,32.8,32.36,32.66,431100.0,0.0,1.0,32.59,32.8,32.36,32.66,431100.0
2007-04-13,33.05,33.2,32.34,32.54,693600.0,0.0,1.0,33.05,33.2,32.34,32.54,693600.0
2007-04-12,33.24,33.39,32.82,33.1,333800.0,0.0,1.0,33.24,33.39,32.82,33.1,333800.0
2007-04-11,33.85,33.85,33.11,33.26,548300.0,0.0,1.0,33.85,33.85,33.11,33.26,548300.0
2007-04-10,34.05,34.45,33.67,33.77,437200.0,0.0,1.0,34.05,34.45,33.67,33.77,437200.0
2007-04-09,33.29,34.0,33.23,33.99,291900.0,0.0,1.0,33.29,34.0,33.23,33.99,291900.0
2007-04-05,32.29,33.33,32.29,33.28,353500.0,0.0,1.0,32.29,33.33,32.29,33.28,353500.0
2007-04-04,32.29,32.33,32.08,32.23,230900.0,0.0,1.0,32.29,32.33,32.08,32.23,230900.0
2007-04-03,32.44,32.62,32.19,32.3,365800.0,0.0,1.0,32.44,32.62,32.19,32.3,365800.0
2007-04-02,32.38,32.61,32.31,32.37,192900.0,0.0,1.0,32.38,32.61,32.31,32.37,192900.0
2007-03-30,32.7,32.7,32.33,32.43,335800.0,0.0,1.0,32.7,32.7,32.33,32.43,335800.0
2007-03-29,32.61,32.73,32.41,32.59,163300.0,0.0,1.0,32.61,32.73,32.41,32.59,163300.0
2007-03-28,32.17,32.61,32.02,32.53,274400.0,0.0,1.0,32.17,32.61,32.02,32.53,274400.0
2007-03-27,32.62,32.62,32.24,32.44,102200.0,0.0,1.0,32.62,32.62,32.24,32.44,102200.0
2007-03-26,32.78,32.8,32.3,32.7,299400.0,0.0,1.0,32.78,32.8,32.3,32.7,299400.0
2007-03-23,32.37,32.96,32.37,32.93,138800.0,0.0,1.0,32.37,32.96,32.37,32.93,138800.0
2007-03-22,32.78,32.78,32.24,32.53,162200.0,0.0,1.0,32.78,32.78,32.24,32.53,162200.0
2007-03-21,32.04,32.9,32.03,32.72,182800.0,0.0,1.0,32.04,32.9,32.03,32.72,182800.0
2007-03-20,32.04,32.13,31.69,32.12,133600.0,0.0,1.0,32.04,32.13,31.69,32.12,133600.0
2007-03-19,32.05,32.35,31.89,32.16,206600.0,0.0,1.0,32.05,32.35,31.89,32.16,206600.0
2007-03-16,31.7,32.17,31.5,31.91,331700.0,0.0,1.0,31.7,32.17,31.5,31.91,331700.0
2007-03-15,31.21,31.86,30.82,31.78,127300.0,0.0,1.0,31.21,31.86,30.82,31.78,127300.0
2007-03-14,31.32,31.71,30.46,31.18,286900.0,0.0,1.0,31.32,31.71,30.46,31.18,286900.0
2007-03-13,31.7,32.05,31.3,31.46,339600.0,0.0,1.0,31.7,32.05,31.3,31.46,339600.0
2007-03-12,31.64,31.77,31.53,31.74,104700.0,0.0,1.0,31.64,31.77,31.53,31.74,104700.0
2007-03-09,31.95,32.02,31.48,31.76,135800.0,0.0,1.0,31.95,32.02,31.48,31.76,135800.0
2007-03-08,32.15,32.28,31.42,31.67,256900.0,0.0,1.0,32.15,32.28,31.42,31.67,256900.0
2007-03-07,32.38,32.38,31.79,31.85,309200.0,0.0,1.0,32.38,32.38,31.79,31.85,309200.0
2007-03-06,31.95,32.38,31.88,32.34,233500.0,0.0,1.0,31.95,32.38,31.88,32.34,233500.0
2007-03-05,31.62,32.24,31.21,31.84,295600.0,0.0,1.0,31.62,32.24,31.21,31.84,295600.0
2007-03-02,31.55,32.2,31.5,31.78,285700.0,0.0,1.0,31.55,32.2,31.5,31.78,285700.0
2007-03-01,31.58,31.91,30.61,31.72,289300.0,0.0,1.0,31.58,31.91,30.61,31.72,289300.0
2007-02-28,32.1,32.36,31.58,31.98,209700.0,0.0,1.0,32.1,32.36,31.58,31.98,209700.0
2007-02-27,32.75,32.85,31.85,32.1,461900.0,0.0,1.0,32.75,32.85,31.85,32.1,461900.0
2007-02-26,32.82,33.19,31.0,33.08,426900.0,0.0,1.0,32.82,33.19,31.0,33.08,426900.0
2007-02-23,32.32,32.65,32.0,32.58,247800.0,0.0,1.0,32.32,32.65,32.0,32.58,247800.0
2007-02-22,32.05,32.43,31.91,32.3,364900.0,0.0,1.0,32.05,32.43,31.91,32.3,364900.0
2007-02-21,32.5,32.65,31.76,32.11,516400.0,0.0,1.0,32.5,32.65,31.76,32.11,516400.0
2007-02-20,33.802,34.0,32.0,32.47,1757700.0,0.0,1.0,33.802,34.0,32.0,32.47,1757700.0
2007-02-16,34.15,34.99,33.82,34.8,497300.0,0.0,1.0,34.15,34.99,33.82,34.8,497300.0
2007-02-15,33.58,34.35,33.43,34.16,481500.0,0.0,1.0,33.58,34.35,33.43,34.16,481500.0
2007-02-14,33.27,33.84,33.2,33.57,309600.0,0.0,1.0,33.27,33.84,33.2,33.57,309600.0
2007-02-13,32.76,33.3699,32.58,33.31,281300.0,0.0,1.0,32.76,33.3699,32.58,33.31,281300.0
2007-02-12,32.86,32.98,32.41,32.62,227500.0,0.0,1.0,32.86,32.98,32.41,32.62,227500.0
2007-02-09,33.2,33.36,32.69,32.95,246300.0,0.0,1.0,33.2,33.36,32.69,32.95,246300.0
2007-02-08,32.99,33.3,32.88,33.2,315000.0,0.0,1.0,32.99,33.3,32.88,33.2,315000.0
2007-02-07,32.78,33.17,32.63,33.11,341400.0,0.0,1.0,32.78,33.17,32.63,33.11,341400.0
2007-02-06,32.61,33.15,32.61,32.72,309500.0,0.0,1.0,32.61,33.15,32.61,32.72,309500.0
2007-02-05,33.24,33.33,32.44,32.68,353300.0,0.0,1.0,33.24,33.33,32.44,32.68,353300.0
2007-02-02,32.51,33.32,32.51,33.18,408200.0,0.0,1.0,32.51,33.32,32.51,33.18,408200.0
2007-02-01,32.35,33.08,32.3,33.0,464200.0,0.0,1.0,32.35,33.08,32.3,33.0,464200.0
2007-01-31,31.33,32.57,31.03,32.32,652400.0,0.0,1.0,31.33,32.57,31.03,32.32,652400.0
2007-01-30,31.09,31.22,30.78,31.17,186500.0,0.0,1.0,31.09,31.22,30.78,31.17,186500.0
2007-01-29,30.4,31.11,30.26,30.94,429600.0,0.0,1.0,30.4,31.11,30.26,30.94,429600.0
2007-01-26,30.29,30.7,29.92,30.34,435100.0,0.0,1.0,30.29,30.7,29.92,30.34,435100.0
2007-01-25,30.49,31.09,30.14,30.31,582600.0,0.0,1.0,30.49,31.09,30.14,30.31,582600.0
2007-01-24,31.03,31.12,30.31,30.61,497900.0,0.0,1.0,31.03,31.12,30.31,30.61,497900.0
2007-01-23,30.49,31.6,30.426,31.13,247200.0,0.0,1.0,30.49,31.6,30.426,31.13,247200.0
2007-01-22,31.39,31.39,30.25,30.54,532800.0,0.0,1.0,31.39,31.39,30.25,30.54,532800.0
2007-01-19,31.33,31.47,30.68,31.39,650500.0,0.0,1.0,31.33,31.47,30.68,31.39,650500.0
2007-01-18,32.31,32.48,31.07,31.39,427900.0,0.0,1.0,32.31,32.48,31.07,31.39,427900.0
2007-01-17,32.57,32.88,32.19,32.41,258100.0,0.0,1.0,32.57,32.88,32.19,32.41,258100.0
2007-01-16,32.97,33.2,32.38,32.57,237300.0,0.0,1.0,32.97,33.2,32.38,32.57,237300.0
2007-01-12,33.01,33.2,32.62,32.88,192200.0,0.0,1.0,33.01,33.2,32.62,32.88,192200.0
2007-01-11,32.21,33.11,32.0,32.95,297500.0,0.0,1.0,32.21,33.11,32.0,32.95,297500.0
2007-01-10,31.9,32.62,31.8,32.1,226200.0,0.0,1.0,31.9,32.62,31.8,32.1,226200.0
2007-01-09,32.43,32.43,31.74,32.1,234600.0,0.0,1.0,32.43,32.43,31.74,32.1,234600.0
2007-01-08,32.23,32.74,32.21,32.5,159200.0,0.0,1.0,32.23,32.74,32.21,32.5,159200.0
2007-01-05,32.6,32.94,32.1,32.28,433000.0,0.0,1.0,32.6,32.94,32.1,32.28,433000.0
2007-01-04,33.19,33.19,32.08,32.58,300000.0,0.0,1.0,33.19,33.19,32.08,32.58,300000.0
2007-01-03,33.0,33.75,32.76,33.32,289500.0,0.0,1.0,33.0,33.75,32.76,33.32,289500.0
2006-12-29,33.16,33.3899,32.61,32.87,147400.0,0.0,1.0,33.16,33.3899,32.61,32.87,147400.0
2006-12-28,33.18,33.56,33.14,33.21,188300.0,0.0,1.0,33.18,33.56,33.14,33.21,188300.0
2006-12-27,33.06,33.58,33.06,33.15,247300.0,0.0,1.0,33.06,33.58,33.06,33.15,247300.0
2006-12-26,33.11,33.4,32.87,33.14,194500.0,0.0,1.0,33.11,33.4,32.87,33.14,194500.0
2006-12-22,33.26,33.26,32.72,33.03,142500.0,0.0,1.0,33.26,33.26,32.72,33.03,142500.0
2006-12-21,32.83,33.68,32.64,33.2,478800.0,0.0,1.0,32.83,33.68,32.64,33.2,478800.0
2006-12-20,32.4,32.95,32.38,32.92,331700.0,0.0,1.0,32.4,32.95,32.38,32.92,331700.0
2006-12-19,32.12,32.67,32.06,32.42,148500.0,0.0,1.0,32.12,32.67,32.06,32.42,148500.0
2006-12-18,32.8,32.94,32.3,32.34,170600.0,0.0,1.0,32.8,32.94,32.3,32.34,170600.0
2006-12-15,32.42,32.84,32.29,32.79,484800.0,0.0,1.0,32.42,32.84,32.29,32.79,484800.0
2006-12-14,32.38,33.1,32.37,32.37,288100.0,0.0,1.0,32.38,33.1,32.37,32.37,288100.0
2006-12-13,32.66,32.69,32.27,32.44,220700.0,0.0,1.0,32.66,32.69,32.27,32.44,220700.0
2006-12-12,32.28,32.64,32.0,32.51,404000.0,0.0,1.0,32.28,32.64,32.0,32.51,404000.0
2006-12-11,32.54,32.84,32.27,32.42,254900.0,0.0,1.0,32.54,32.84,32.27,32.42,254900.0
2006-12-08,33.1,33.25,31.4,32.63,1396300.0,0.0,1.0,33.1,33.25,31.4,32.63,1396300.0
2006-12-07,30.29,31.73,30.01,31.16,817100.0,0.0,1.0,30.29,31.73,30.01,31.16,817100.0
2006-12-06,29.93,30.29,29.93,30.1,355500.0,0.0,1.0,29.93,30.29,29.93,30.1,355500.0
2006-12-05,30.56,30.56,29.85,30.05,287625.0,0.0,1.3333333333333333,30.56,30.56,29.85,30.05,287625.0
2006-12-04,39.22,39.86,39.06,39.57,279975.0,0.0,1.0,29.415,29.895,29.295,29.6775,373300.0
2006-12-01,39.17,39.44,38.6,39.16,345975.0,0.0,1.0,29.3775,29.58,28.950000000000006,29.37,461300.0
2006-11-30,38.63,39.53,38.15,39.17,527700.0,0.0,1.0,28.972500000000004,29.6475,28.6125,29.3775,703600.0
2006-11-29,38.55,39.07,38.19,38.6,410700.0,0.0,1.0,28.9125,29.3025,28.6425,28.950000000000006,547600.0
2006-11-28,39.12,39.12,38.25,38.58,358800.0,0.0,1.0,29.34,29.34,28.6875,28.935,478400.0
2006-11-27,40.28,40.46,38.95,39.14,377775.0,0.0,1.0,30.21,30.345,29.2125,29.355,503700.0
2006-11-24,40.07,40.44,40.04,40.3,83475.0,0.0,1.0,30.0525,30.33,30.03,30.225,111300.0
2006-11-22,40.57,40.76,40.05,40.12,129450.0,0.0,1.0,30.4275,30.57,30.0375,30.09,172600.0
2006-11-21,40.34,41.09,40.29,40.65,241800.0,0.0,1.0,30.255000000000006,30.817500000000006,30.2175,30.4875,322400.0
2006-11-20,41.48,41.5,40.23,40.35,580800.0,0.0,1.0,31.11,31.125,30.1725,30.262500000000006,774400.0
2006-11-17,41.75,42.24,41.38,41.51,1747950.0,0.0,1.0,31.3125,31.68,31.035000000000004,31.1325,2330600.0
2006-11-16,42.75,42.9,42.04,42.29,221850.0,0.0,1.0,32.0625,32.175,31.53,31.7175,295800.0
2006-11-15,42.42,43.46,42.4,42.63,210375.0,0.0,1.0,31.815,32.595,31.8,31.972500000000004,280500.0
2006-11-14,41.41,42.5,41.4,42.37,161175.0,0.0,1.0,31.0575,31.875,31.05,31.7775,214900.0
2006-11-13,42.02,42.54,41.25,41.5,241050.0,0.0,1.0,31.515,31.905,30.9375,31.125,321400.0
2006-11-10,41.06,42.18,41.06,42.18,178200.0,0.0,1.0,30.795,31.635,30.795,31.635,237600.0
2006-11-09,41.97,42.05,40.92,41.13,322350.0,0.0,1.0,31.4775,31.5375,30.69,30.847500000000004,429800.0
2006-11-08,42.17,42.53,41.61,42.0,289800.0,0.0,1.0,31.6275,31.8975,31.2075,31.5,386400.0
2006-11-07,41.43,42.47,41.39,42.32,220275.0,0.0,1.0,31.0725,31.8525,31.0425,31.74,293700.0
2006-11-06,40.92,41.7,40.66,41.38,219375.0,0.0,1.0,30.69,31.275,30.495,31.035000000000004,292500.0
2006-11-03,41.01,41.37,40.02,40.7,149475.0,0.0,1.0,30.7575,31.0275,30.015,30.525,199300.0
2006-11-02,40.91,41.13,40.35,40.77,236700.0,0.0,1.0,30.6825,30.847500000000004,30.262500000000006,30.5775,315600.0
2006-11-01,40.27,41.07,39.81,39.89,378750.0,0.0,1.0,30.2025,30.8025,29.8575,29.9175,505000.0
2006-10-31,40.1,40.964,39.64,40.57,328575.0,0.0,1.0,30.075000000000006,30.723000000000003,29.73,30.4275,438100.0
2006-10-30,41.73,41.73,39.38,39.92,775500.0,0.0,1.0,31.2975,31.2975,29.535000000000004,29.94,1034000.0
2006-10-27,42.9,43.36,42.88,43.05,202050.0,0.0,1.0,32.175,32.52,32.160000000000004,32.287499999999994,269400.0
2006-10-26,43.13,43.63,42.82,43.05,516300.0,0.0,1.0,32.347500000000004,32.722500000000004,32.115,32.287499999999994,688400.0
2006-10-25,44.65,44.69,41.8,42.77,802800.0,0.0,1.0,33.4875,33.5175,31.35,32.0775,1070400.0
2006-10-24,41.67,41.98,41.3701,41.49,101100.0,0.0,1.0,31.2525,31.485,31.027575,31.1175,134800.0
2006-10-23,41.48,42.0,41.07,41.81,123375.0,0.0,1.0,31.11,31.5,30.8025,31.3575,164500.0
2006-10-20,41.47,41.74,41.01,41.63,157575.0,0.0,1.0,31.1025,31.305,30.7575,31.222500000000004,210100.0
2006-10-19,41.75,42.0,41.15,41.32,230100.0,0.0,1.0,31.3125,31.5,30.8625,30.99,306800.0
2006-10-18,41.26,41.85,41.21,41.68,99075.0,0.0,1.0,30.945,31.387500000000006,30.9075,31.26,132100.0
2006-10-17,41.24,41.6,40.92,41.34,110700.0,0.0,1.0,30.93,31.200000000000006,30.69,31.005000000000006,147600.0
2006-10-16,41.3,41.69,40.76,41.33,102075.0,0.0,1.0,30.975,31.2675,30.57,30.9975,136100.0
2006-10-13,41.48,41.8,41.29,41.41,167250.0,0.0,1.0,31.11,31.35,30.9675,31.0575,223000.0
2006-10-12,40.29,41.49,40.29,41.39,198000.0,0.0,1.0,30.2175,31.1175,30.2175,31.0425,264000.0
2006-10-11,39.81,40.5,39.81,40.26,195675.0,0.0,1.0,29.8575,30.375,29.8575,30.195,260900.0
2006-10-10,39.95,40.1,39.61,40.0,115575.0,0.0,1.0,29.9625,30.075000000000006,29.7075,30.0,154100.0
2006-10-09,39.51,39.65,38.82,39.53,174750.0,0.0,1.0,29.6325,29.7375,29.115,29.6475,233000.0
2006-10-06,39.85,40.2,39.6,39.63,87600.0,0.0,1.0,29.887500000000006,30.15,29.700000000000006,29.722500000000004,116800.0
2006-10-05,39.48,40.36,39.46,39.9,104550.0,0.0,1.0,29.61,30.27,29.595,29.925,139400.0
2006-10-04,38.83,39.61,38.57,39.61,83250.0,0.0,1.0,29.1225,29.7075,28.9275,29.7075,111000.0
2006-10-03,38.51,39.4,38.27,38.9,158475.0,0.0,1.0,28.8825,29.55,28.7025,29.175,211300.0
2006-10-02,39.6,39.66,38.25,38.78,223575.0,0.0,1.0,29.700000000000006,29.745,28.6875,29.085,298100.0
2006-09-29,40.0,40.1489,39.65,39.67,128475.0,0.0,1.0,30.0,30.111675,29.7375,29.7525,171300.0
2006-09-28,39.97,40.0,39.44,40.0,143250.0,0.0,1.0,29.9775,30.0,29.58,30.0,191000.0
2006-09-27,40.14,40.39,39.5,39.85,244500.0,0.0,1.0,30.105,30.2925,29.625,29.887500000000006,326000.0
2006-09-26,40.38,40.69,40.01,40.36,296700.0,0.0,1.0,30.285000000000004,30.5175,30.0075,30.27,395600.0
2006-09-25,40.62,40.72,40.22,40.5,100275.0,0.0,1.0,30.465,30.54,30.165,30.375,133700.0
2006-09-22,41.34,41.46,40.27,40.6,162000.0,0.0,1.0,31.005000000000006,31.095,30.2025,30.450000000000006,216000.0
2006-09-21,41.96,41.99,41.15,41.45,85350.0,0.0,1.0,31.47,31.4925,30.8625,31.0875,113800.0
2006-09-20,41.75,42.6236,41.55,41.8,123675.0,0.0,1.0,31.3125,31.9677,31.1625,31.35,164900.0
2006-09-19,41.75,41.75,41.07,41.53,153075.0,0.0,1.0,31.3125,31.3125,30.8025,31.1475,204100.0
2006-09-18,41.46,41.75,41.11,41.68,165600.0,0.0,1.0,31.095,31.3125,30.8325,31.26,220800.0
2006-09-15,41.99,42.0,41.14,41.29,329475.0,0.0,1.0,31.4925,31.5,30.855,30.9675,439300.0
2006-09-14,41.59,42.04,41.21,41.7,253800.0,0.0,1.0,31.192500000000006,31.53,30.9075,31.275,338400.0
2006-09-13,40.47,41.84,40.32,41.69,423600.0,0.0,1.0,30.3525,31.380000000000006,30.24,31.2675,564800.0
2006-09-12,39.85,40.91,39.85,40.5,170400.0,0.0,1.0,29.887500000000006,30.6825,29.887500000000006,30.375,227200.0
2006-09-11,39.7,40.11,38.84,39.73,153750.0,0.0,1.0,29.775,30.0825,29.130000000000006,29.7975,205000.0
2006-09-08,40.0,40.33,39.73,39.96,92700.0,0.0,1.0,30.0,30.2475,29.7975,29.97,123600.0
2006-09-07,38.65,40.31,38.53,39.96,373200.0,0.0,1.0,28.9875,30.2325,28.8975,29.97,497600.0
2006-09-06,40.27,40.42,38.7,38.71,226875.0,0.0,1.0,30.2025,30.315,29.025,29.0325,302500.0
2006-09-05,40.23,40.5,39.8,40.45,190275.0,0.0,1.0,30.1725,30.375,29.85,30.3375,253700.0
2006-09-01,40.31,40.77,39.78,40.18,148275.0,0.0,1.0,30.2325,30.5775,29.835,30.135,197700.0
2006-08-31,40.83,41.15,40.3,40.47,258075.0,0.0,1.0,30.6225,30.8625,30.225,30.3525,344100.0
2006-08-30,40.69,41.0,40.68,40.68,195150.0,0.0,1.0,30.5175,30.75,30.51,30.51,260200.0
2006-08-29,40.25,41.05,40.07,40.75,190500.0,0.0,1.0,30.1875,30.7875,30.0525,30.5625,254000.0
2006-08-28,40.04,40.29,39.81,40.21,199875.0,0.0,1.0,30.03,30.2175,29.8575,30.1575,266500.0
2006-08-25,40.0,40.64,39.88,40.08,190650.0,0.0,1.0,30.0,30.48,29.910000000000004,30.06,254200.0
2006-08-24,38.89,40.17,38.87,40.06,293550.0,0.0,1.0,29.1675,30.1275,29.1525,30.045,391400.0
2006-08-23,39.18,39.47,38.68,38.85,200775.0,0.0,1.0,29.385,29.6025,29.01,29.137500000000006,267700.0
2006-08-22,38.23,39.3,38.18,39.19,335100.0,0.0,1.0,28.6725,29.475,28.635,29.3925,446800.0
2006-08-21,38.49,38.5,37.84,38.38,131775.0,0.0,1.0,28.8675,28.875,28.380000000000006,28.785000000000004,175700.0
2006-08-18,38.3,38.85,38.28,38.72,137175.0,0.0,1.0,28.725,29.137500000000006,28.71,29.04,182900.0
2006-08-17,38.63,38.7,38.18,38.44,124575.0,0.0,1.0,28.972500000000004,29.025,28.635,28.83,166100.0
2006-08-16,38.37,38.66,38.14,38.55,149100.0,0.0,1.0,28.7775,28.995,28.605,28.9125,198800.0
2006-08-15,37.5,38.22,37.5,38.06,261675.0,0.0,1.0,28.125,28.665,28.125,28.545,348900.0
2006-08-14,37.29,37.88,37.18,37.56,214350.0,0.0,1.0,27.9675,28.410000000000004,27.885,28.17,285800.0
2006-08-11,36.89,37.51,36.77,37.12,171900.0,0.0,1.0,27.6675,28.1325,27.5775,27.84,229200.0
2006-08-10,36.89,37.5,36.05,37.29,187500.0,0.0,1.0,27.6675,28.125,27.0375,27.9675,250000.0
2006-08-09,37.64,37.96,36.93,37.01,321375.0,0.0,1.0,28.23,28.47,27.6975,27.7575,428500.0
2006-08-08,37.31,38.27,37.06,37.09,372675.0,0.0,1.0,27.9825,28.7025,27.795,27.817500000000006,496900.0
2006-08-07,37.7,37.815,37.1,37.32,236250.0,0.0,1.0,28.275,28.36125,27.825000000000006,27.99,315000.0
2006-08-04,38.84,38.93,37.47,37.89,338250.0,0.0,1.0,29.130000000000006,29.1975,28.1025,28.4175,451000.0
2006-08-03,38.88,38.98,38.45,38.57,253950.0,0.0,1.0,29.160000000000004,29.235,28.8375,28.9275,338600.0
2006-08-02,39.57,39.57,38.41,39.01,634500.0,0.0,1.0,29.6775,29.6775,28.8075,29.2575,846000.0
2006-08-01,40.0,40.58,38.0,38.15,790200.0,0.0,1.0,30.0,30.435,28.5,28.6125,1053600.0
2006-07-31,37.91,38.37,37.0,38.11,477600.0,0.0,1.0,28.4325,28.7775,27.75,28.5825,636800.0
2006-07-28,37.51,38.2,37.18,37.98,350775.0,0.0,1.0,28.1325,28.65,27.885,28.485,467700.0
2006-07-27,37.23,37.49,36.49,36.71,194475.0,0.0,1.0,27.9225,28.1175,27.3675,27.5325,259300.0
2006-07-26,36.31,37.18,35.64,37.01,202800.0,0.0,1.0,27.2325,27.885,26.73,27.7575,270400.0
2006-07-25,35.92,36.84,35.92,36.5,224550.0,0.0,1.0,26.94,27.630000000000006,26.94,27.375,299400.0
2006-07-24,35.06,36.27,35.06,35.97,258600.0,0.0,1.0,26.295,27.2025,26.295,26.9775,344800.0
2006-07-21,35.07,35.31,34.4,34.74,471150.0,0.0,1.0,26.3025,26.4825,25.8,26.055,628200.0
2006-07-20,36.22,36.49,35.09,35.28,221175.0,0.0,1.0,27.165,27.3675,26.317500000000006,26.46,294900.0
2006-07-19,36.0,36.5,35.69,36.24,245475.0,0.0,1.0,27.0,27.375,26.7675,27.18,327300.0
2006-07-18,36.6,36.63,35.43,35.9,247500.0,0.0,1.0,27.450000000000006,27.472500000000004,26.5725,26.925,330000.0
2006-07-17,36.21,37.15,36.2,36.49,202350.0,0.0,1.0,27.1575,27.8625,27.15,27.3675,269800.0
2006-07-14,37.29,37.29,36.14,36.35,346875.0,0.0,1.0,27.9675,27.9675,27.105,27.262500000000006,462500.0
2006-07-13,37.75,37.78,36.49,37.38,260100.0,0.0,1.0,28.3125,28.335,27.3675,28.035000000000004,346800.0
2006-07-12,37.85,38.08,37.09,37.23,250575.0,0.0,1.0,28.387500000000006,28.56,27.817500000000006,27.9225,334100.0
2006-07-11,37.63,38.2,37.62,38.0,120075.0,0.0,1.0,28.222500000000004,28.65,28.215,28.5,160100.0
2006-07-10,37.3,37.78,37.3,37.78,74700.0,0.0,1.0,27.975,28.335,27.975,28.335,99600.0
2006-07-07,37.59,37.8,36.97,37.16,112200.0,0.0,1.0,28.192500000000006,28.35,27.7275,27.87,149600.0
2006-07-06,37.95,38.5,37.61,37.8,113400.0,0.0,1.0,28.4625,28.875,28.2075,28.35,151200.0
2006-07-05,37.61,37.97,37.05,37.86,298350.0,0.0,1.0,28.2075,28.4775,27.7875,28.395,397800.0
2006-07-03,37.79,38.23,37.5,38.23,61875.0,0.0,1.0,28.3425,28.6725,28.125,28.6725,82500.0
2006-06-30,38.18,38.58,37.7,37.9,208275.0,0.0,1.0,28.635,28.935,28.275,28.425,277700.0
2006-06-29,37.53,38.24,37.53,37.99,153300.0,0.0,1.0,28.1475,28.68,28.1475,28.4925,204400.0
2006-06-28,37.52,37.9,36.82,37.53,232350.0,0.0,1.0,28.14,28.425,27.615,28.1475,309800.0
2006-06-27,38.01,38.59,37.14,37.4,296700.0,0.0,1.0,28.5075,28.942500000000006,27.855,28.05,395600.0
2006-06-26,37.57,38.55,37.5,38.01,136800.0,0.0,1.0,28.1775,28.9125,28.125,28.5075,182400.0
2006-06-23,37.49,38.02,37.25,37.45,204675.0,0.0,1.0,28.1175,28.515,27.9375,28.0875,272900.0
2006-06-22,37.65,37.74,37.41,37.62,229200.0,0.0,1.0,28.2375,28.305,28.0575,28.215,305600.0
2006-06-21,37.55,37.97,37.37,37.75,232575.0,0.0,1.0,28.1625,28.4775,28.0275,28.3125,310100.0
2006-06-20,37.45,37.88,36.91,37.42,206175.0,0.0,1.0,28.0875,28.410000000000004,27.6825,28.065,274900.0
2006-06-19,37.57,37.95,36.59,37.35,240675.0,0.0,1.0,28.1775,28.4625,27.442500000000006,28.012500000000006,320900.0
2006-06-16,36.91,37.95,36.56,37.72,533100.0,0.0,1.0,27.6825,28.4625,27.42,28.29,710800.0
2006-06-15,35.95,37.44,35.838,36.97,258375.0,0.0,1.0,26.9625,28.08,26.878500000000006,27.7275,344500.0
2006-06-14,36.0,36.35,35.05,35.75,260100.0,0.0,1.0,27.0,27.262500000000006,26.2875,26.8125,346800.0
2006-06-13,35.67,36.3,35.3,35.7,247950.0,0.0,1.0,26.7525,27.225,26.475,26.775,330600.0
2006-06-12,35.5438,36.41,35.49,35.86,159900.0,0.0,1.0,26.65785,27.3075,26.6175,26.895,213200.0
2006-06-09,37.53,37.6899,36.02,36.41,106200.0,0.0,1.0,28.1475,28.267425000000006,27.015,27.3075,141600.0
2006-06-08,37.04,37.53,36.64,37.28,260475.0,0.0,1.0,27.78,28.1475,27.48,27.96,347300.0
2006-06-07,36.45,37.21,36.13,36.95,243300.0,0.0,1.0,27.3375,27.9075,27.097500000000004,27.7125,324400.0
2006-06-06,35.97,36.54,35.07,35.76,134250.0,0.0,1.0,26.9775,27.405,26.3025,26.82,179000.0
2006-06-05,36.3,36.73,35.76,35.79,157200.0,0.0,1.0,27.225,27.5475,26.82,26.8425,209600.0
2006-06-02,36.05,37.0,35.6,36.26,210900.0,0.0,1.0,27.0375,27.75,26.700000000000006,27.195,281200.0
2006-06-01,35.83,36.13,35.27,35.7,254175.0,0.0,1.0,26.8725,27.097500000000004,26.4525,26.775,338900.0
2006-05-31,34.97,36.02,34.74,35.75,202200.0,0.0,1.0,26.2275,27.015,26.055,26.8125,269600.0
2006-05-30,35.95,35.95,34.75,35.05,281100.0,0.0,1.0,26.9625,26.9625,26.0625,26.2875,374800.0
2006-05-26,36.24,36.34,35.49,35.84,165975.0,0.0,1.0,27.18,27.255000000000006,26.6175,26.880000000000006,221300.0
2006-05-25,36.0,36.26,35.07,35.98,186975.0,0.0,1.0,27.0,27.195,26.3025,26.985,249300.0
2006-05-24,34.46,36.17,34.15,35.59,409350.0,0.0,1.0,25.845,27.1275,25.6125,26.692500000000006,545800.0
2006-05-23,36.45,36.45,34.44,34.45,743175.0,0.0,1.0,27.3375,27.3375,25.83,25.8375,990900.0
2006-05-22,36.18,37.36,36.0,36.3,405750.0,0.0,1.0,27.135,28.02,27.0,27.225,541000.0
2006-05-19,35.99,36.67,35.51,36.6,356400.0,0.0,1.0,26.9925,27.5025,26.6325,27.450000000000006,475200.0
2006-05-18,37.72,37.9499,36.0,36.06,419475.0,0.0,1.0,28.29,28.462425,27.0,27.045,559300.0
2006-05-17,36.74,38.75,36.46,37.43,245550.0,0.0,1.0,27.555,29.0625,27.345,28.0725,327400.0
2006-05-16,36.95,37.15,36.49,36.74,171675.0,0.0,1.0,27.7125,27.8625,27.3675,27.555,228900.0
2006-05-15,36.48,37.32,36.35,36.71,320475.0,0.0,1.0,27.36,27.99,27.262500000000006,27.5325,427300.0
2006-05-12,36.94,37.59,36.24,36.66,293175.0,0.0,1.0,27.705,28.192500000000006,27.18,27.495,390900.0
2006-05-11,38.38,38.38,36.82,36.87,297975.0,0.0,1.0,28.785000000000004,28.785000000000004,27.615,27.6525,397300.0
2006-05-10,38.75,38.94,38.2,38.35,162150.0,0.0,1.0,29.0625,29.205,28.65,28.762500000000006,216200.0
2006-05-09,39.0,39.01,38.5,38.56,205350.0,0.0,1.0,29.25,29.2575,28.875,28.92,273800.0
2006-05-08,38.4,38.95,38.18,38.88,207150.0,0.0,1.0,28.8,29.2125,28.635,29.160000000000004,276200.0
2006-05-05,37.59,38.82,37.33,38.36,615600.0,0.0,1.0,28.192500000000006,29.115,27.9975,28.77,820800.0
2006-05-04,37.93,39.81,37.8,38.97,981450.0,0.0,1.0,28.4475,29.8575,28.35,29.2275,1308600.0
2006-05-03,36.0,38.24,35.67,37.72,1141575.0,0.0,1.0,27.0,28.68,26.7525,28.29,1522100.0
2006-05-02,32.25,36.42,32.2,35.53,1565100.0,0.0,1.0,24.1875,27.315,24.15,26.6475,2086800.0
2006-05-01,33.09,33.24,32.63,33.0,629550.0,0.0,1.0,24.817500000000006,24.93,24.472500000000004,24.75,839400.0
2006-04-28,32.3,33.28,32.3,33.16,241875.0,0.0,1.0,24.225,24.96,24.225,24.87,322500.0
2006-04-27,32.5,32.78,32.06,32.55,240675.0,0.0,1.0,24.375,24.585,24.045,24.4125,320900.0
2006-04-26,32.7,33.5,32.5,32.59,389475.0,0.0,1.0,24.525,25.125,24.375,24.442500000000006,519300.0
2006-04-25,32.67,32.81,32.35,32.73,191175.0,0.0,1.0,24.5025,24.6075,24.262500000000006,24.5475,254900.0
2006-04-24,32.53,32.8,32.25,32.59,311400.0,0.0,1.0,24.3975,24.6,24.1875,24.442500000000006,415200.0
2006-04-21,33.31,33.63,32.7,32.75,312300.0,0.0,1.0,24.9825,25.222500000000004,24.525,24.5625,416400.0
2006-04-20,33.18,33.9,32.8,32.86,146175.0,0.0,1.0,24.885,25.425,24.6,24.645,194900.0
2006-04-19,33.37,33.849000000000004,33.09,33.25,147300.0,0.0,1.0,25.0275,25.38675,24.817500000000006,24.9375,196400.0
2006-04-18,32.8,33.3,32.68,33.29,261300.0,0.0,1.0,24.6,24.975,24.51,24.9675,348400.0
2006-04-17,33.07,33.07,32.46,32.8,243600.0,0.0,1.0,24.8025,24.8025,24.345,24.6,324800.0
2006-04-13,32.56,33.1,32.19,33.02,209475.0,0.0,1.0,24.42,24.825000000000006,24.1425,24.765,279300.0
2006-04-12,32.53,33.38,32.46,32.67,294750.0,0.0,1.0,24.3975,25.035000000000004,24.345,24.5025,393000.0
2006-04-11,32.86,33.13,32.32,32.45,125850.0,0.0,1.0,24.645,24.847500000000004,24.24,24.3375,167800.0
2006-04-10,32.61,33.18,32.44,32.86,279600.0,0.0,1.0,24.4575,24.885,24.33,24.645,372800.0
2006-04-07,33.16,33.62,32.52,32.7,334800.0,0.0,1.0,24.87,25.215,24.39,24.525,446400.0
2006-04-06,34.1,34.13,32.726,33.16,755175.0,0.0,1.0,25.575000000000006,25.597500000000004,24.5445,24.87,1006900.0
2006-04-05,34.04,34.13,33.8,34.01,406800.0,0.0,1.0,25.53,25.597500000000004,25.35,25.5075,542400.0
2006-04-04,33.79,34.192,33.41,33.84,360900.0,0.0,1.0,25.3425,25.644000000000002,25.0575,25.380000000000006,481200.0
2006-04-03,34.72,34.8,33.5,33.78,499275.0,0.0,1.0,26.04,26.1,25.125,25.335,665700.0
2006-03-31,35.0,35.35,34.38,34.75,387975.0,0.0,1.0,26.25,26.512500000000006,25.785000000000004,26.0625,517300.0
2006-03-30,35.65,35.65,34.93,35.09,423975.0,0.0,1.0,26.7375,26.7375,26.1975,26.317500000000006,565300.0
2006-03-29,35.1,36.08,35.04,35.53,303000.0,0.0,1.0,26.325000000000006,27.06,26.28,26.6475,404000.0
2006-03-28,35.25,35.3,35.01,35.17,392700.0,0.0,1.0,26.4375,26.475,26.2575,26.3775,523600.0
2006-03-27,35.49,35.49,35.05,35.3,555975.0,0.0,1.0,26.6175,26.6175,26.2875,26.475,741300.0
2006-03-24,35.58,35.94,35.31,35.6,334200.0,0.0,1.0,26.685,26.955,26.4825,26.700000000000006,445600.0
2006-03-23,35.84,36.0,34.98,35.49,400275.0,0.0,1.0,26.880000000000006,27.0,26.235,26.6175,533700.0
2006-03-22,35.0,36.01,34.88,35.96,254850.0,0.0,1.0,26.25,27.0075,26.160000000000004,26.97,339800.0
2006-03-21,35.36,35.81,34.88,34.95,355800.0,0.0,1.0,26.52,26.8575,26.160000000000004,26.2125,474400.0
2006-03-20,35.93,36.99,35.4,35.82,541050.0,0.0,1.0,26.9475,27.7425,26.55,26.865,721400.0
2006-03-17,35.0,35.3,34.86,35.08,686400.0,0.0,1.0,26.25,26.475,26.145,26.31,915200.0
2006-03-16,34.96,35.06,34.73,34.84,257400.0,0.0,1.0,26.22,26.295,26.0475,26.130000000000006,343200.0
2006-03-15,35.24,35.25,34.8,35.0,258900.0,0.0,1.0,26.43,26.4375,26.1,26.25,345200.0
2006-03-14,34.12,35.38,33.9,35.26,939600.0,0.0,1.0,25.59,26.535000000000004,25.425,26.445,1252800.0
2006-03-13,33.81,34.1,32.97,34.01,523200.0,0.0,1.0,25.3575,25.575000000000006,24.7275,25.5075,697600.0
2006-03-10,32.49,33.38,32.02,33.23,360975.0,0.0,1.0,24.3675,25.035000000000004,24.015,24.9225,481300.0
2006-03-09,33.05,33.05,32.2,32.4,278775.0,0.0,1.0,24.7875,24.7875,24.15,24.3,371700.0
2006-03-08,32.0,33.22,31.95,33.03,577800.0,0.0,1.0,24.0,24.915,23.9625,24.7725,770400.0
2006-03-07,32.35,32.55,31.91,32.15,294000.0,0.0,1.0,24.262500000000006,24.4125,23.9325,24.1125,392000.0
2006-03-06,32.22,32.9,32.1,32.41,331650.0,0.0,1.0,24.165,24.675,24.075000000000006,24.3075,442200.0
2006-03-03,32.4,33.16,32.02,32.21,862650.0,0.0,1.0,24.3,24.87,24.015,24.1575,1150200.0
2006-03-02,34.24,34.25,32.05,32.49,1865475.0,0.0,1.0,25.68,25.6875,24.0375,24.3675,2487300.0
2006-03-01,33.12,34.61,32.81,34.21,2333250.0,0.0,1.0,24.84,25.9575,24.6075,25.6575,3111000.0
2006-02-28,31.59,33.44,31.55,32.18,2198475.0,0.0,1.0,23.6925,25.08,23.6625,24.135,2931300.0
2006-02-27,31.3,31.71,31.02,31.25,1180500.0,0.0,1.0,23.475,23.7825,23.265,23.4375,1574000.0
2006-02-24,30.79,31.33,30.54,30.99,1809675.0,0.0,1.0,23.0925,23.4975,22.905,23.2425,2412900.0
2006-02-23,30.82,32.17,30.46,30.68,10815975.0,0.0,1.0,23.115,24.1275,22.845,23.01,14421300.0
2006-02-22,41.33,41.54,40.39,40.6,440175.0,0.0,1.0,30.9975,31.155,30.2925,30.450000000000006,586900.0
2006-02-21,42.14,42.45,40.8,41.48,313500.0,0.0,1.0,31.605,31.8375,30.6,31.11,418000.0
2006-02-17,41.76,42.45,41.2,42.02,238875.0,0.0,1.0,31.32,31.8375,30.9,31.515,318500.0
2006-02-16,40.4,42.5,40.2,41.66,449850.0,0.0,1.0,30.3,31.875,30.15,31.245,599800.0
2006-02-15,40.1,40.58,39.71,40.58,574575.0,0.0,1.0,30.075000000000006,30.435,29.7825,30.435,766100.0
2006-02-14,40.08,40.39,39.76,40.0,425775.0,0.0,1.0,30.06,30.2925,29.82,30.0,567700.0
2006-02-13,40.02,40.56,39.71,40.08,391650.0,0.0,1.0,30.015,30.42,29.7825,30.06,522200.0
2006-02-10,40.15,40.48,39.68,39.99,257100.0,0.0,1.0,30.1125,30.36,29.76,29.9925,342800.0
2006-02-09,41.35,41.85,39.87,40.08,1269375.0,0.0,1.0,31.012500000000006,31.387500000000006,29.9025,30.06,1692500.0
2006-02-08,43.75,43.9,36.46,39.75,3690150.0,0.0,1.0,32.8125,32.925,27.345,29.8125,4920200.0
2006-02-07,42.26,44.75,42.09,43.68,770850.0,0.0,1.0,31.695,33.5625,31.567500000000006,32.76,1027800.0
2006-02-06,41.7,42.01,40.56,41.84,635400.0,0.0,1.0,31.275,31.5075,30.42,31.380000000000006,847200.0
2006-02-03,43.46,43.84,41.73,41.8,769875.0,0.0,1.0,32.595,32.88,31.2975,31.35,1026500.0
2006-02-02,44.91,44.91,43.5,43.64,313575.0,0.0,1.0,33.6825,33.6825,32.625,32.730000000000004,418100.0
2006-02-01,45.51,45.83,44.75,44.82,351975.0,0.0,1.0,34.1325,34.3725,33.5625,33.615,469300.0
2006-01-31,44.21,46.08,43.96,45.35,547050.0,0.0,1.0,33.1575,34.56,32.97,34.0125,729400.0
2006-01-30,44.35,44.59,43.87,44.41,237300.0,0.0,1.0,33.2625,33.4425,32.9025,33.3075,316400.0
2006-01-27,42.84,44.39,42.27,44.31,401550.0,0.0,1.0,32.13,33.292500000000004,31.7025,33.2325,535400.0
2006-01-26,42.19,42.86,41.25,42.56,449400.0,0.0,1.0,31.6425,32.145,30.9375,31.92,599200.0
2006-01-25,42.03,42.51,41.6,42.26,328950.0,0.0,1.0,31.5225,31.8825,31.200000000000006,31.695,438600.0
2006-01-24,42.06,42.42,41.69,41.92,384900.0,0.0,1.0,31.545,31.815,31.2675,31.44,513200.0
2006-01-23,43.14,43.5,41.63,41.85,562275.0,0.0,1.0,32.355000000000004,32.625,31.222500000000004,31.387500000000006,749700.0
2006-01-20,44.47,44.65,42.45,42.84,677775.0,0.0,1.0,33.3525,33.4875,31.8375,32.13,903700.0
2006-01-19,45.0,45.0,43.78,44.69,240750.0,0.0,1.0,33.75,33.75,32.835,33.5175,321000.0
2006-01-18,45.5,45.84,44.85,44.91,251475.0,0.0,1.0,34.125,34.38,33.6375,33.6825,335300.0
2006-01-17,44.2,46.88,43.27,45.73,387375.0,0.0,1.0,33.15000000000001,35.160000000000004,32.4525,34.2975,516500.0
2006-01-13,46.95,46.95,46.07,46.26,137100.0,0.0,1.0,35.21250000000001,35.21250000000001,34.5525,34.695,182800.0
2006-01-12,44.75,47.0,44.75,46.63,410550.0,0.0,1.0,33.5625,35.25,33.5625,34.972500000000004,547400.0
2006-01-11,44.56,45.44,44.1801,44.78,186975.0,0.0,1.0,33.42,34.08,33.135075,33.585,249300.0
2006-01-10,45.27,45.7,44.38,44.65,253500.0,0.0,1.0,33.9525,34.27500000000001,33.285000000000004,33.4875,338000.0
2006-01-09,46.0,46.24,45.27,45.5,280650.0,0.0,1.0,34.5,34.68,33.9525,34.125,374200.0
2006-01-06,45.0,46.82,44.86,45.98,588900.0,0.0,1.0,33.75,35.115,33.645,34.485,785200.0
2006-01-05,43.2,44.94,43.03,44.91,308100.0,0.0,1.0,32.40000000000001,33.705,32.2725,33.6825,410800.0
2006-01-04,41.82,43.33,41.78,43.27,286800.0,0.0,1.0,31.365,32.4975,31.335,32.4525,382400.0
2006-01-03,41.9,42.4,41.09,41.79,355950.0,0.0,1.0,31.425,31.8,30.817500000000006,31.3425,474600.0
2005-12-30,42.33,42.34,41.64,42.24,132075.0,0.0,1.0,31.7475,31.755000000000006,31.23,31.68,176100.0
2005-12-29,42.5,42.8499,42.02,42.48,92775.0,0.0,1.0,31.875,32.137425,31.515,31.86,123700.0
2005-12-28,41.95,42.98,41.33,42.52,367350.0,0.0,1.0,31.4625,32.235,30.9975,31.89,489800.0
2005-12-27,43.76,43.8,41.75,41.88,382050.0,0.0,1.0,32.82,32.849999999999994,31.3125,31.410000000000004,509400.0
2005-12-23,44.4,44.4,43.1,43.48,229950.0,0.0,1.0,33.3,33.3,32.325,32.61,306600.0
2005-12-22,43.95,44.38,43.5,44.22,361875.0,0.0,1.0,32.96250000000001,33.285000000000004,32.625,33.165,482500.0
2005-12-21,42.4,43.52,41.91,43.52,387900.0,0.0,1.0,31.8,32.64,31.4325,32.64,517200.0
2005-12-20,41.27,43.05,41.0,42.01,512850.0,0.0,1.0,30.9525,32.287499999999994,30.75,31.5075,683800.0
2005-12-19,42.8,42.98,40.59,41.9,2315775.0,0.0,1.0,32.099999999999994,32.235,30.442500000000006,31.425,3087700.0
2005-12-16,44.28,46.15,43.32,46.05,923250.0,0.0,1.0,33.21,34.6125,32.49,34.537499999999994,1231000.0
2005-12-15,45.7,46.17,44.08,44.12,493875.0,0.0,1.0,34.27500000000001,34.6275,33.06,33.09,658500.0
2005-12-14,46.64,46.64,45.5,45.72,183375.0,0.0,1.0,34.980000000000004,34.980000000000004,34.125,34.29,244500.0
2005-12-13,45.44,46.89,45.4,46.69,375000.0,0.0,1.0,34.08,35.167500000000004,34.05,35.0175,500000.0
2005-12-12,45.92,46.35,45.44,45.72,304050.0,0.0,1.0,34.44,34.7625,34.08,34.29,405400.0
2005-12-09,45.44,46.22,45.31,45.96,154200.0,0.0,1.0,34.08,34.665,33.9825,34.47,205600.0
2005-12-08,45.0,46.74,45.0,45.61,230175.0,0.0,1.0,33.75,35.055,33.75,34.2075,306900.0
2005-12-07,45.71,45.73,44.78,45.17,232875.0,0.0,1.0,34.2825,34.2975,33.585,33.8775,310500.0
2005-12-06,45.13,45.98,44.75,45.42,428400.0,0.0,1.0,33.847500000000004,34.485,33.5625,34.065,571200.0
2005-12-05,44.79,45.91,44.62,44.91,264975.0,0.0,1.0,33.5925,34.4325,33.465,33.6825,353300.0
2005-12-02,46.78,46.9148,44.78,45.11,331650.0,0.0,1.0,35.085,35.1861,33.585,33.8325,442200.0
2005-12-01,44.5,47.6555,44.38,46.55,1122150.0,0.0,1.0,33.375,35.741625,33.285000000000004,34.912499999999994,1496200.0
2005-11-30,43.0,44.6,42.9,44.38,642300.0,0.0,1.0,32.25,33.45,32.175,33.285000000000004,856400.0
2005-11-29,42.38,43.23,42.37,43.18,226575.0,0.0,1.0,31.785000000000004,32.4225,31.7775,32.385,302100.0
2005-11-28,41.76,42.48,41.74,42.32,317550.0,0.0,1.0,31.32,31.86,31.305,31.74,423400.0
2005-11-25,42.0,42.0,41.55,41.75,93075.0,0.0,1.0,31.5,31.5,31.1625,31.3125,124100.0
2005-11-23,40.94,42.01,40.69,41.7,268875.0,0.0,1.0,30.705,31.5075,30.5175,31.275,358500.0
2005-11-22,40.17,41.39,39.98,41.02,233550.0,0.0,1.0,30.1275,31.0425,29.985,30.765,311400.0
2005-11-21,40.46,40.47,39.57,40.31,362775.0,0.0,1.0,30.345,30.3525,29.6775,30.2325,483700.0
2005-11-18,40.77,41.77,40.27,41.16,418800.0,0.0,1.0,30.5775,31.3275,30.2025,30.87,558400.0
2005-11-17,40.3,40.64,39.86,40.57,276900.0,0.0,1.0,30.225,30.48,29.895,30.4275,369200.0
2005-11-16,40.04,40.3,39.2635,40.2,278250.0,0.0,1.0,30.03,30.225,29.447625,30.15,371000.0
2005-11-15,40.11,40.6,39.53,40.06,235800.0,0.0,1.0,30.0825,30.450000000000006,29.6475,30.045,314400.0
2005-11-14,40.61,40.93,39.59,39.72,263250.0,0.0,1.0,30.4575,30.6975,29.692500000000006,29.79,351000.0
2005-11-11,40.53,41.56,40.07,40.5,209700.0,0.0,1.0,30.3975,31.17,30.0525,30.375,279600.0
2005-11-10,38.83,40.88,38.83,40.56,397500.0,0.0,1.0,29.1225,30.660000000000004,29.1225,30.42,530000.0
2005-11-09,39.14,39.6,38.4,38.82,448650.0,0.0,1.0,29.355,29.700000000000006,28.8,29.115,598200.0
2005-11-08,40.04,40.69,39.11,39.18,785400.0,0.0,1.0,30.03,30.5175,29.3325,29.385,1047200.0
2005-11-07,40.7,40.89,40.0,40.19,263100.0,0.0,1.0,30.525,30.6675,30.0,30.1425,350800.0
2005-11-04,41.06,41.28,39.63,40.6,585150.0,0.0,1.0,30.795,30.96,29.722500000000004,30.450000000000006,780200.0
2005-11-03,43.18,43.18,40.98,41.09,561375.0,0.0,1.0,32.385,32.385,30.735,30.817500000000006,748500.0
2005-11-02,41.08,43.71,41.03,43.18,638850.0,0.0,1.0,30.81,32.7825,30.7725,32.385,851800.0
2005-11-01,39.68,42.34,39.2,41.14,1201500.0,0.0,1.0,29.76,31.755000000000006,29.4,30.855,1602000.0
2005-10-31,37.78,39.54,37.78,38.21,534675.0,0.0,1.0,28.335,29.655,28.335,28.6575,712900.0
2005-10-28,37.7,38.73,37.1,38.25,543750.0,0.0,1.0,28.275,29.0475,27.825000000000006,28.6875,725000.0
2005-10-27,37.54,38.11,36.97,37.51,552600.0,0.0,1.0,28.155,28.5825,27.7275,28.1325,736800.0
2005-10-26,37.92,39.05,37.51,37.67,564000.0,0.0,1.0,28.44,29.2875,28.1325,28.2525,752000.0
2005-10-25,38.39,38.4,37.15,38.06,231900.0,0.0,1.0,28.7925,28.8,27.8625,28.545,309200.0
2005-10-24,37.96,38.57,37.635999999999996,38.29,519300.0,0.0,1.0,28.47,28.9275,28.227000000000004,28.7175,692400.0
2005-10-21,37.4,37.81,37.0,37.62,178950.0,0.0,1.0,28.05,28.3575,27.75,28.215,238600.0
2005-10-20,37.95,37.95,36.99,37.31,413475.0,0.0,1.0,28.4625,28.4625,27.7425,27.9825,551300.0
2005-10-19,38.12,38.12,36.87,37.8,519900.0,0.0,1.0,28.59,28.59,27.6525,28.35,693200.0
2005-10-18,36.6,39.19,36.1,38.22,1276200.0,0.0,1.0,27.450000000000006,29.3925,27.075000000000006,28.665,1701600.0
2005-10-17,34.72,36.6,34.51,36.41,615150.0,0.0,1.0,26.04,27.450000000000006,25.8825,27.3075,820200.0
2005-10-14,34.88,35.39,34.39,35.03,259350.0,0.0,1.0,26.160000000000004,26.5425,25.7925,26.2725,345800.0
2005-10-13,33.26,34.73,33.26,34.5,720750.0,0.0,1.0,24.945,26.0475,24.945,25.875,961000.0
2005-10-12,33.75,34.1299,33.25,33.46,436650.0,0.0,1.0,25.3125,25.597425,24.9375,25.095,582200.0
2005-10-11,34.2,34.7,33.76,33.84,435600.0,0.0,1.0,25.65,26.025,25.32,25.380000000000006,580800.0
2005-10-10,35.44,35.65,32.85,34.26,1714275.0,0.0,1.0,26.58,26.7375,24.637500000000006,25.695,2285700.0
2005-10-07,36.16,36.16,35.35,35.61,429075.0,0.0,1.0,27.12,27.12,26.512500000000006,26.7075,572100.0
2005-10-06,37.71,37.71,35.41,36.03,479850.0,0.0,1.0,28.2825,28.2825,26.5575,27.0225,639800.0
2005-10-05,37.65,37.83,37.16,37.3,174450.0,0.0,1.0,28.2375,28.3725,27.87,27.975,232600.0
2005-10-04,37.79,39.1,37.67,37.81,486900.0,0.0,1.0,28.3425,29.325000000000006,28.2525,28.3575,649200.0
2005-10-03,39.0,39.09,37.79,37.88,218175.0,0.0,1.0,29.25,29.317500000000006,28.3425,28.410000000000004,290900.0
2005-09-30,38.83,39.17,38.26,39.0,226200.0,0.0,1.0,29.1225,29.3775,28.695,29.25,301600.0
2005-09-29,38.58,39.41,37.6,38.61,343650.0,0.0,1.0,28.935,29.5575,28.200000000000006,28.9575,458200.0
2005-09-28,38.15,38.72,37.78,38.39,269850.0,0.0,1.0,28.6125,29.04,28.335,28.7925,359800.0
2005-09-27,38.33,38.41,37.63,37.96,289575.0,0.0,1.0,28.7475,28.8075,28.222500000000004,28.47,386100.0
2005-09-26,38.11,38.95,37.87,38.41,306900.0,0.0,1.0,28.5825,29.2125,28.4025,28.8075,409200.0
2005-09-23,37.49,38.4,37.05,37.87,408750.0,0.0,1.0,28.1175,28.8,27.7875,28.4025,545000.0
2005-09-22,36.5,37.38,35.44,37.32,487500.0,0.0,1.0,27.375,28.035000000000004,26.58,27.99,650000.0
2005-09-21,36.96,37.4,36.11,36.45,738300.0,0.0,1.0,27.72,28.05,27.0825,27.3375,984400.0
2005-09-20,37.75,38.55,36.26,37.19,448050.0,0.0,1.0,28.3125,28.9125,27.195,27.8925,597400.0
2005-09-19,38.37,38.53,37.06,37.65,592050.0,0.0,1.0,28.7775,28.8975,27.795,28.2375,789400.0
2005-09-16,38.89,39.16,37.86,38.62,480750.0,0.0,1.0,29.1675,29.37,28.395,28.965,641000.0
2005-09-15,39.15,39.5,38.23,38.7,387150.0,0.0,1.0,29.3625,29.625,28.6725,29.025,516200.0
2005-09-14,39.82,40.03,39.07,39.16,405600.0,0.0,1.0,29.865,30.0225,29.3025,29.37,540800.0
2005-09-13,40.82,40.82,39.33,39.52,279000.0,0.0,1.0,30.615,30.615,29.4975,29.64,372000.0
2005-09-12,40.57,41.12,40.15,40.28,249300.0,0.0,1.0,30.4275,30.84,30.1125,30.21,332400.0
2005-09-09,39.73,40.87,39.73,40.57,542700.0,0.0,1.0,29.7975,30.6525,29.7975,30.4275,723600.0
2005-09-08,38.89,39.62,38.25,39.61,382650.0,0.0,1.0,29.1675,29.715,28.6875,29.7075,510200.0
2005-09-07,38.45,39.49,37.335,39.05,642900.0,0.0,1.0,28.8375,29.6175,28.00125,29.2875,857200.0
2005-09-06,39.75,40.15,38.5,38.55,508500.0,0.0,1.0,29.8125,30.1125,28.875,28.9125,678000.0
2005-09-02,40.52,40.65,39.43,39.58,345750.0,0.0,1.0,30.39,30.4875,29.5725,29.685,461000.0
2005-09-01,39.14,41.08,39.06,39.96,563775.0,0.0,1.0,29.355,30.81,29.295,29.97,751700.0
2005-08-31,40.5,40.5,38.89,39.12,744150.0,0.0,1.0,30.375,30.375,29.1675,29.34,992200.0
2005-08-30,40.36,40.93,40.19,40.43,377475.0,0.0,1.0,30.27,30.6975,30.1425,30.3225,503300.0
2005-08-29,40.19,41.1,38.68,40.45,1500075.0,0.0,1.0,30.1425,30.825000000000006,29.01,30.3375,2000100.0
2005-08-26,42.01,42.03,41.34,41.41,307575.0,0.0,1.0,31.5075,31.5225,31.005000000000006,31.0575,410100.0
2005-08-25,42.0,42.32,41.67,42.0,517575.0,0.0,1.0,31.5,31.74,31.2525,31.5,690100.0
2005-08-24,42.77,42.97,41.68,41.96,289875.0,0.0,1.0,32.0775,32.2275,31.26,31.47,386500.0
2005-08-23,43.76,43.76,42.64,42.8,353850.0,0.0,1.0,32.82,32.82,31.98,32.099999999999994,471800.0
2005-08-22,42.9,43.57,42.85,43.55,364800.0,0.0,1.0,32.175,32.6775,32.1375,32.662499999999994,486400.0
2005-08-19,41.57,42.79,41.26,42.67,422400.0,0.0,1.0,31.1775,32.0925,30.945,32.0025,563200.0
2005-08-18,40.75,41.78,40.45,41.63,589500.0,0.0,1.0,30.5625,31.335,30.3375,31.222500000000004,786000.0
2005-08-17,39.93,40.78,39.59,40.65,174750.0,0.0,1.0,29.9475,30.585,29.692500000000006,30.4875,233000.0
2005-08-16,40.5,40.75,39.3,40.08,261900.0,0.0,1.0,30.375,30.5625,29.475,30.06,349200.0
2005-08-15,40.77,41.54,40.28,40.5,201075.0,0.0,1.0,30.5775,31.155,30.21,30.375,268100.0
2005-08-12,40.99,41.0,40.07,40.61,289275.0,0.0,1.0,30.7425,30.75,30.0525,30.4575,385700.0
2005-08-11,39.96,41.6,39.96,41.0,295650.0,0.0,1.0,29.97,31.200000000000006,29.97,30.75,394200.0
2005-08-10,40.54,41.0,39.53,40.0,262050.0,0.0,1.0,30.405,30.75,29.6475,30.0,349400.0
2005-08-09,41.28,41.63,40.35,40.39,214650.0,0.0,1.0,30.96,31.222500000000004,30.262500000000006,30.2925,286200.0
2005-08-08,40.81,42.5,40.81,41.14,405900.0,0.0,1.0,30.6075,31.875,30.6075,30.855,541200.0
2005-08-05,41.19,41.61,40.7,40.8,153450.0,0.0,1.0,30.8925,31.2075,30.525,30.6,204600.0
2005-08-04,42.52,42.74,41.05,41.18,252000.0,0.0,1.0,31.89,32.055,30.7875,30.885,336000.0
2005-08-03,42.03,43.2,41.63,42.36,470700.0,0.0,1.0,31.5225,32.40000000000001,31.222500000000004,31.77,627600.0
2005-08-02,44.16,44.43,41.5,41.85,1953675.0,0.0,1.0,33.12,33.3225,31.125,31.387500000000006,2604900.0
2005-08-01,39.75,40.4,39.5,39.84,390075.0,0.0,1.0,29.8125,30.3,29.625,29.880000000000006,520100.0
2005-07-29,39.4,39.99,38.64,39.14,410250.0,0.0,1.0,29.55,29.9925,28.98,29.355,547000.0
2005-07-28,38.01,39.61,38.01,39.4,417375.0,0.0,1.0,28.5075,29.7075,28.5075,29.55,556500.0
2005-07-27,38.35,38.4,37.51,38.31,267375.0,0.0,1.0,28.762500000000006,28.8,28.1325,28.7325,356500.0
2005-07-26,37.03,38.34,37.03,38.3,188700.0,0.0,1.0,27.7725,28.755000000000006,27.7725,28.725,251600.0
2005-07-25,39.0,39.18,37.96,38.08,233550.0,0.0,1.0,29.25,29.385,28.47,28.56,311400.0
2005-07-22,38.6,39.38,38.05,39.17,192075.0,0.0,1.0,28.950000000000006,29.535000000000004,28.5375,29.3775,256100.0
2005-07-21,38.97,39.4252,37.6211,38.47,307800.0,0.0,1.0,29.2275,29.5689,28.215825,28.8525,410400.0
2005-07-20,38.85,39.48,38.8405,39.18,286200.0,0.0,1.0,29.137500000000006,29.61,29.130375,29.385,381600.0
2005-07-19,38.1,39.05,37.92,38.9,185775.0,0.0,1.0,28.575000000000006,29.2875,28.44,29.175,247700.0
2005-07-18,38.5,38.83,37.04,37.82,419250.0,0.0,1.0,28.875,29.1225,27.78,28.365,559000.0
2005-07-15,39.02,39.15,38.3,38.57,314850.0,0.0,1.0,29.265,29.3625,28.725,28.9275,419800.0
2005-07-14,39.5,39.5,38.84,39.18,369375.0,0.0,1.0,29.625,29.625,29.130000000000006,29.385,492500.0
2005-07-13,40.06,40.25,39.1,39.26,425175.0,0.0,1.0,30.045,30.1875,29.325000000000006,29.445,566900.0
2005-07-12,40.82,40.98,39.78,40.06,356175.0,0.0,1.0,30.615,30.735,29.835,30.045,474900.0
2005-07-11,39.2,40.85,39.183,40.75,1139400.0,0.0,1.0,29.4,30.637500000000006,29.38725,30.5625,1519200.0
2005-07-08,38.36,39.08,38.1,38.91,454950.0,0.0,1.0,28.77,29.31,28.575000000000006,29.1825,606600.0
2005-07-07,37.74,38.33,37.26,38.12,354900.0,0.0,1.0,28.305,28.7475,27.945,28.59,473200.0
2005-07-06,37.8,38.0,37.24,37.73,372750.0,0.0,1.0,28.35,28.5,27.93,28.2975,497000.0
2005-07-05,37.8,38.1,37.09,37.75,624900.0,0.0,1.0,28.35,28.575000000000006,27.817500000000006,28.3125,833200.0
2005-07-01,36.9,38.23,35.72,37.7,1251750.0,0.0,1.0,27.675,28.6725,26.79,28.275,1669000.0
2005-06-30,34.28,37.63,33.71,36.78,2404950.0,0.0,1.0,25.71,28.222500000000004,25.2825,27.585,3206600.0
2005-06-29,32.73,34.18,32.73,34.02,750450.0,0.0,1.0,24.5475,25.635,24.5475,25.515,1000600.0
2005-06-28,31.09,32.78,30.86,32.67,288450.0,0.0,1.0,23.3175,24.585,23.145,24.5025,384600.0
2005-06-27,31.56,31.66,31.07,31.2,299475.0,0.0,1.0,23.67,23.745,23.3025,23.4,399300.0
2005-06-24,31.5,31.84,31.03,31.83,382350.0,0.0,1.0,23.625,23.88,23.2725,23.8725,509800.0
2005-06-23,30.9,32.15,30.9,31.56,488475.0,0.0,1.0,23.175,24.1125,23.175,23.67,651300.0
2005-06-22,32.07,32.09,30.4,30.71,403200.0,0.0,1.0,24.0525,24.067500000000006,22.8,23.0325,537600.0
2005-06-21,31.94,32.05,31.7,32.05,271200.0,0.0,1.0,23.955,24.0375,23.775,24.0375,361600.0
2005-06-20,32.71,32.83,31.28,31.9,475350.0,0.0,1.0,24.5325,24.6225,23.46,23.925,633800.0
2005-06-17,33.13,33.33,32.85,33.1,263550.0,0.0,1.0,24.847500000000004,24.9975,24.637500000000006,24.825000000000006,351400.0
2005-06-16,33.0,33.61,32.93,33.0,201375.0,0.0,1.0,24.75,25.2075,24.6975,24.75,268500.0
2005-06-15,32.65,33.18,32.36,33.14,216450.0,0.0,1.0,24.4875,24.885,24.27,24.855,288600.0
2005-06-14,32.35,32.58,31.9,32.49,255675.0,0.0,1.0,24.262500000000006,24.435,23.925,24.3675,340900.0
2005-06-13,32.0,32.33,31.921999999999997,32.28,109050.0,0.0,1.0,24.0,24.2475,23.9415,24.21,145400.0
2005-06-10,31.99,32.18,31.86,31.96,413100.0,0.0,1.0,23.9925,24.135,23.895,23.97,550800.0
2005-06-09,31.6,31.9,31.43,31.9,224850.0,0.0,1.0,23.700000000000006,23.925,23.5725,23.925,299800.0
2005-06-08,32.26,32.26,31.52,31.7,417750.0,0.0,1.0,24.195,24.195,23.64,23.775,557000.0
2005-06-07,31.95,32.49,31.88,32.04,359175.0,0.0,1.0,23.9625,24.3675,23.91,24.03,478900.0
2005-06-06,31.74,32.0,31.4,31.75,435150.0,0.0,1.0,23.805,24.0,23.55,23.8125,580200.0
2005-06-03,30.7,31.93,30.67,31.29,615600.0,0.0,1.0,23.025,23.9475,23.0025,23.4675,820800.0
2005-06-02,29.88,30.69,29.6,30.53,441900.0,0.0,1.0,22.41,23.0175,22.200000000000006,22.8975,589200.0
2005-06-01,30.1,30.39,29.32,29.92,242250.0,0.0,1.0,22.575000000000006,22.7925,21.99,22.44,323000.0
2005-05-31,30.19,30.68,29.71,30.21,168975.0,0.0,1.0,22.6425,23.01,22.2825,22.6575,225300.0
2005-05-27,29.79,30.43,29.35,30.36,288750.0,0.0,1.0,22.3425,22.8225,22.012500000000006,22.77,385000.0
2005-05-26,29.94,30.0,29.2,29.81,345300.0,0.0,1.0,22.455,22.5,21.9,22.3575,460400.0
2005-05-25,30.8,30.8,29.66,29.7,192375.0,0.0,1.0,23.1,23.1,22.245,22.275,256500.0
2005-05-24,30.98,31.16,30.31,30.65,223050.0,0.0,1.0,23.235,23.37,22.7325,22.9875,297400.0
2005-05-23,30.62,31.43,30.49,30.87,257850.0,0.0,1.0,22.965,23.5725,22.8675,23.1525,343800.0
2005-05-20,30.94,31.0,29.96,30.99,365400.0,0.0,1.0,23.205,23.25,22.47,23.2425,487200.0
2005-05-19,31.1,31.22,30.58,30.78,450300.0,0.0,1.0,23.325000000000006,23.415,22.935,23.085,600400.0
2005-05-18,33.84,34.0,30.37,30.54,1162050.0,0.0,1.0,25.380000000000006,25.5,22.7775,22.905,1549400.0
2005-05-17,34.62,34.63,33.63,33.67,397200.0,0.0,1.0,25.965,25.972500000000004,25.222500000000004,25.2525,529600.0
2005-05-16,34.0,34.75,33.7,34.61,186000.0,0.0,1.0,25.5,26.0625,25.275,25.9575,248000.0
2005-05-13,33.26,34.4,33.2,33.95,211500.0,0.0,1.0,24.945,25.8,24.9,25.4625,282000.0
2005-05-12,34.51,34.97,33.35,33.42,384675.0,0.0,1.0,25.8825,26.2275,25.012500000000006,25.065,512900.0
2005-05-11,34.45,34.72,33.99,34.67,170175.0,0.0,1.0,25.8375,26.04,25.4925,26.0025,226900.0
2005-05-10,34.46,35.04,34.46,34.56,253950.0,0.0,1.0,25.845,26.28,25.845,25.92,338600.0
2005-05-09,33.94,35.24,33.08,34.56,498450.0,0.0,1.0,25.455,26.43,24.81,25.92,664600.0
2005-05-06,35.25,35.5,34.73,34.82,198150.0,0.0,1.0,26.4375,26.625,26.0475,26.115,264200.0
2005-05-05,34.83,35.59,34.63,35.01,636450.0,0.0,1.0,26.1225,26.692500000000006,25.972500000000004,26.2575,848600.0
2005-05-04,33.8,35.1,33.8,34.93,668100.0,0.0,1.0,25.35,26.325000000000006,25.35,26.1975,890800.0
2005-05-03,32.85,34.64,32.66,33.84,2028900.0,0.0,1.0,24.637500000000006,25.98,24.495,25.380000000000006,2705200.0
2005-05-02,30.09,30.75,30.01,30.63,149550.0,0.0,1.0,22.5675,23.0625,22.5075,22.9725,199400.0
2005-04-29,28.92,30.15,28.92,30.01,275250.0,0.0,1.0,21.69,22.6125,21.69,22.5075,367000.0
2005-04-28,29.71,29.85,28.94,28.94,242400.0,0.0,1.0,22.2825,22.387500000000006,21.705,21.705,323200.0
2005-04-27,30.11,30.38,29.45,29.78,133500.0,0.0,1.0,22.5825,22.785,22.0875,22.335,178000.0
2005-04-26,31.0,31.04,29.92,30.19,103650.0,0.0,1.0,23.25,23.28,22.44,22.6425,138200.0
2005-04-25,30.29,31.0,30.01,31.0,92700.0,0.0,1.0,22.7175,23.25,22.5075,23.25,123600.0
2005-04-22,31.18,31.18,29.76,30.14,443550.0,0.0,1.0,23.385,23.385,22.32,22.605,591400.0
2005-04-21,30.65,31.17,30.59,30.85,355950.0,0.0,1.0,22.9875,23.3775,22.9425,23.137500000000006,474600.0
2005-04-20,30.74,30.94,30.44,30.73,330750.0,0.0,1.0,23.055,23.205,22.83,23.0475,441000.0
2005-04-19,31.0,31.0,30.4,30.59,538350.0,0.0,1.0,23.25,23.25,22.8,22.9425,717800.0
2005-04-18,29.8,30.33,29.22,29.81,464850.0,0.0,1.0,22.35,22.7475,21.915,22.3575,619800.0
2005-04-15,30.34,31.1,29.7,30.0,528300.0,0.0,1.0,22.755,23.325000000000006,22.275,22.5,704400.0
2005-04-14,30.34,30.77,30.19,30.6,300375.0,0.0,1.0,22.755,23.0775,22.6425,22.950000000000006,400500.0
2005-04-13,29.19,30.53,29.19,30.42,373950.0,0.0,1.0,21.8925,22.8975,21.8925,22.815,498600.0
2005-04-12,29.75,29.75,28.9,29.46,309450.0,0.0,1.0,22.3125,22.3125,21.675,22.095,412600.0
2005-04-11,29.6,30.15,29.6,29.6,126675.0,0.0,1.0,22.200000000000006,22.6125,22.200000000000006,22.200000000000006,168900.0
2005-04-08,30.65,30.789,29.71,29.71,169575.0,0.0,1.0,22.9875,23.09175,22.2825,22.2825,226100.0
2005-04-07,30.54,31.12,30.28,30.64,247575.0,0.0,1.0,22.905,23.34,22.71,22.98,330100.0
2005-04-06,29.98,30.85,29.98,30.57,457050.0,0.0,1.0,22.485,23.137500000000006,22.485,22.9275,609400.0
2005-04-05,29.025,30.04,29.025,29.94,382200.0,0.0,1.0,21.76875,22.53,21.76875,22.455,509600.0
2005-04-04,28.66,29.25,28.1,28.97,312075.0,0.0,1.0,21.495,21.9375,21.075000000000006,21.7275,416100.0
2005-04-01,30.39,30.44,28.44,28.93,743700.0,0.0,1.0,22.7925,22.83,21.33,21.6975,991600.0
2005-03-31,29.78,30.33,29.78,30.25,211050.0,0.0,1.0,22.335,22.7475,22.335,22.6875,281400.0
2005-03-30,29.75,30.1,29.27,30.0,318750.0,0.0,1.0,22.3125,22.575000000000006,21.9525,22.5,425000.0
2005-03-29,30.69,31.04,29.85,29.91,174750.0,0.0,1.0,23.0175,23.28,22.387500000000006,22.4325,233000.0
2005-03-28,31.28,31.4,30.68,30.77,216300.0,0.0,1.0,23.46,23.55,23.01,23.0775,288400.0
2005-03-24,31.48,32.15,31.38,31.38,98250.0,0.0,1.0,23.61,24.1125,23.535,23.535,131000.0
2005-03-23,31.23,31.83,31.0,31.54,96750.0,0.0,1.0,23.4225,23.8725,23.25,23.655,129000.0
2005-03-22,31.28,32.18,31.28,31.4,134475.0,0.0,1.0,23.46,24.135,23.46,23.55,179300.0
2005-03-21,30.98,31.53,30.87,31.45,267150.0,0.0,1.0,23.235,23.6475,23.1525,23.5875,356200.0
2005-03-18,30.79,31.13,30.29,30.89,294750.0,0.0,1.0,23.0925,23.3475,22.7175,23.1675,393000.0
2005-03-17,31.58,31.84,29.91,30.9,815250.0,0.0,1.0,23.685,23.88,22.4325,23.175,1087000.0
2005-03-16,31.32,32.03,31.0,31.92,157950.0,0.0,1.0,23.49,24.0225,23.25,23.94,210600.0
2005-03-15,31.1,32.5,31.0,31.54,249675.0,0.0,1.0,23.325000000000006,24.375,23.25,23.655,332900.0
2005-03-14,31.42,31.75,30.85,31.16,320475.0,0.0,1.0,23.565,23.8125,23.137500000000006,23.37,427300.0
2005-03-11,32.12,32.73,31.32,31.57,271950.0,0.0,1.0,24.09,24.5475,23.49,23.6775,362600.0
2005-03-10,33.71,33.73,29.65,31.91,1232850.0,0.0,1.0,25.2825,25.2975,22.2375,23.9325,1643800.0
2005-03-09,34.01,34.27,33.05,33.21,248400.0,0.0,1.0,25.5075,25.7025,24.7875,24.9075,331200.0
2005-03-08,33.55,34.59,33.55,34.13,307650.0,0.0,1.0,25.1625,25.942500000000006,25.1625,25.597500000000004,410200.0
2005-03-07,33.5,33.95,33.25,33.88,345750.0,0.0,1.0,25.125,25.4625,24.9375,25.410000000000004,461000.0
2005-03-04,33.03,33.34,32.9,33.34,346650.0,0.0,1.0,24.7725,25.005000000000006,24.675,25.005000000000006,462200.0
2005-03-03,34.1,34.25,32.34,32.73,275400.0,0.0,1.0,25.575000000000006,25.6875,24.255000000000006,24.5475,367200.0
2005-03-02,32.6,34.08,32.35,33.75,516000.0,0.0,1.0,24.450000000000006,25.56,24.262500000000006,25.3125,688000.0
2005-03-01,32.01,32.75,31.930999999999997,32.6,336750.0,0.0,1.0,24.0075,24.5625,23.94825,24.450000000000006,449000.0
2005-02-28,31.91,32.26,31.4,31.94,415500.0,0.0,1.0,23.9325,24.195,23.55,23.955,554000.0
2005-02-25,31.95,32.2,31.57,32.06,129375.0,0.0,1.0,23.9625,24.15,23.6775,24.045,172500.0
2005-02-24,31.64,31.9,31.64,31.78,166500.0,0.0,1.0,23.73,23.925,23.73,23.835,222000.0
2005-02-23,31.96,32.55,31.63,31.81,277650.0,0.0,1.0,23.97,24.4125,23.7225,23.8575,370200.0
2005-02-22,32.2,32.2,31.44,31.78,351900.0,0.0,1.0,24.15,24.15,23.58,23.835,469200.0
2005-02-18,31.15,32.35,31.0,32.08,313275.0,0.0,1.0,23.3625,24.262500000000006,23.25,24.06,417700.0
2005-02-17,31.2,31.42,30.64,30.99,172800.0,0.0,1.0,23.4,23.565,22.98,23.2425,230400.0
2005-02-16,30.75,31.5,30.37,31.25,181950.0,0.0,1.0,23.0625,23.625,22.7775,23.4375,242600.0
2005-02-15,31.14,31.2,30.43,31.0,236475.0,0.0,1.0,23.355,23.4,22.8225,23.25,315300.0
2005-02-14,30.76,31.22,30.61,31.07,117075.0,0.0,1.0,23.07,23.415,22.9575,23.3025,156100.0
2005-02-11,30.58,31.33,30.4,31.12,108900.0,0.0,1.0,22.935,23.4975,22.8,23.34,145200.0
2005-02-10,30.63,30.95,30.08,30.6,88275.0,0.0,1.0,22.9725,23.2125,22.56,22.950000000000006,117700.0
2005-02-09,31.1,31.5,30.6,30.73,163350.0,0.0,1.0,23.325000000000006,23.625,22.950000000000006,23.0475,217800.0
2005-02-08,31.0,31.85,30.91,31.43,176100.0,0.0,1.0,23.25,23.887500000000006,23.1825,23.5725,234800.0
2005-02-07,32.25,32.26,30.86,31.0,163800.0,0.0,1.0,24.1875,24.195,23.145,23.25,218400.0
2005-02-04,31.0,32.21,30.74,32.19,296475.0,0.0,1.0,23.25,24.1575,23.055,24.1425,395300.0
2005-02-03,31.12,31.21,30.58,31.09,118200.0,0.0,1.0,23.34,23.4075,22.935,23.3175,157600.0
2005-02-02,30.88,31.71,30.8,30.81,192600.0,0.0,1.0,23.16,23.7825,23.1,23.1075,256800.0
2005-02-01,30.25,31.82,30.17,30.98,442275.0,0.0,1.0,22.6875,23.865,22.6275,23.235,589700.0
2005-01-31,28.25,30.44,28.11,30.1,423675.0,0.0,1.0,21.1875,22.83,21.0825,22.575000000000006,564900.0
2005-01-28,29.06,29.489,27.95,28.28,350550.0,0.0,1.0,21.795,22.11675,20.9625,21.21,467400.0
2005-01-27,30.05,30.05,29.11,29.25,163800.0,0.0,1.0,22.5375,22.5375,21.8325,21.9375,218400.0
2005-01-26,29.3,30.04,28.98,29.94,159075.0,0.0,1.0,21.975,22.53,21.735,22.455,212100.0
2005-01-25,29.2,29.97,29.01,29.25,198075.0,0.0,1.0,21.9,22.4775,21.7575,21.9375,264100.0
2005-01-24,29.82,30.0,28.5,29.06,356550.0,0.0,1.0,22.365,22.5,21.375,21.795,475400.0
2005-01-21,30.0,30.5,29.85,29.85,273675.0,0.0,1.0,22.5,22.875,22.387500000000006,22.387500000000006,364900.0
2005-01-20,30.0,30.14,29.92,30.0,307050.0,0.0,1.0,22.5,22.605,22.44,22.5,409400.0
2005-01-19,30.0,30.479,29.76,30.15,384300.0,0.0,1.0,22.5,22.85925,22.32,22.6125,512400.0
2005-01-18,29.12,30.0,29.01,29.75,663375.0,0.0,1.0,21.84,22.5,21.7575,22.3125,884500.0
2005-01-14,28.39,29.26,27.8,29.18,377400.0,0.0,1.0,21.2925,21.945,20.85,21.885,503200.0
2005-01-13,27.83,28.79,27.82,27.97,253875.0,0.0,1.0,20.8725,21.5925,20.865,20.9775,338500.0
2005-01-12,27.01,28.1,26.87,28.01,581250.0,0.0,1.0,20.2575,21.075000000000006,20.1525,21.0075,775000.0
2005-01-11,29.5,29.68,27.22,27.58,1012800.0,0.0,1.0,22.125,22.26,20.415,20.685,1350400.0
2005-01-10,29.93,30.51,29.54,29.67,281400.0,0.0,1.0,22.4475,22.8825,22.155,22.2525,375200.0
2005-01-07,29.77,30.7,29.71,30.15,249300.0,0.0,1.0,22.3275,23.025,22.2825,22.6125,332400.0
2005-01-06,29.82,30.0,29.43,29.91,309975.0,0.0,1.0,22.365,22.5,22.0725,22.4325,413300.0
2005-01-05,30.4,30.699,29.5,30.05,388650.0,0.0,1.0,22.8,23.02425,22.125,22.5375,518200.0
2005-01-04,31.08,31.75,30.14,30.75,304200.0,0.0,1.0,23.31,23.8125,22.605,23.0625,405600.0
2005-01-03,32.37,32.64,31.26,31.5,288375.0,0.0,1.0,24.2775,24.48,23.445,23.625,384500.0
2004-12-31,32.61,33.19,32.3,32.39,184500.0,0.0,1.0,24.4575,24.8925,24.225,24.2925,246000.0
2004-12-30,32.52,33.19,32.52,32.78,233250.0,0.0,1.0,24.39,24.8925,24.39,24.585,311000.0
2004-12-29,32.71,33.0,32.42,32.75,143475.0,0.0,1.0,24.5325,24.75,24.315,24.5625,191300.0
2004-12-28,32.2,32.75,32.2,32.61,159000.0,0.0,1.0,24.15,24.5625,24.15,24.4575,212000.0
2004-12-27,32.33,32.75,31.9,32.07,213375.0,0.0,1.0,24.2475,24.5625,23.925,24.0525,284500.0
2004-12-23,32.42,32.75,32.32,32.67,111975.0,0.0,1.0,24.315,24.5625,24.24,24.5025,149300.0
2004-12-22,32.43,33.1,31.78,32.37,256350.0,0.0,1.0,24.3225,24.825000000000006,23.835,24.2775,341800.0
2004-12-21,32.46,32.59,31.55,32.39,251475.0,0.0,1.0,24.345,24.442500000000006,23.6625,24.2925,335300.0
2004-12-20,32.2,32.8,32.1,32.27,368700.0,0.0,1.0,24.15,24.6,24.075000000000006,24.2025,491600.0
2004-12-17,32.36,32.41,32.0,32.2,112800.0,0.0,1.0,24.27,24.3075,24.0,24.15,150400.0
2004-12-16,32.67,32.67,32.2,32.36,202350.0,0.0,1.0,24.5025,24.5025,24.15,24.27,269800.0
2004-12-15,32.25,32.83,32.05,32.62,360300.0,0.0,1.0,24.1875,24.6225,24.0375,24.465,480400.0
2004-12-14,31.66,32.24,31.25,32.16,318150.0,0.0,1.0,23.745,24.18,23.4375,24.12,424200.0
2004-12-13,31.71,32.05,31.5,31.761,118350.0,0.0,1.0,23.7825,24.0375,23.625,23.82075,157800.0
2004-12-10,30.99,32.06,30.99,31.8,221175.0,0.0,1.0,23.2425,24.045,23.2425,23.85,294900.0
2004-12-09,30.7,31.61,30.7,31.12,315975.0,0.0,1.0,23.025,23.7075,23.025,23.34,421300.0
2004-12-08,30.93,31.01,29.64,31.0,558900.0,0.0,1.0,23.1975,23.2575,22.23,23.25,745200.0
2004-12-07,32.06,32.44,30.55,31.25,659700.0,0.0,1.0,24.045,24.33,22.9125,23.4375,879600.0
2004-12-06,32.5,32.54,31.71,32.2,417750.0,0.0,1.0,24.375,24.405,23.7825,24.15,557000.0
2004-12-03,33.0,33.01,32.55,32.65,273075.0,0.0,1.0,24.75,24.7575,24.4125,24.4875,364100.0
2004-12-02,32.25,32.94,32.06,32.75,406350.0,0.0,1.0,24.1875,24.705,24.045,24.5625,541800.0
2004-12-01,32.82,33.05,32.29,32.8,486900.0,0.0,1.0,24.615,24.7875,24.2175,24.6,649200.0
2004-11-30,33.3,33.5,32.81,32.92,477450.0,0.0,1.0,24.975,25.125,24.6075,24.69,636600.0
2004-11-29,33.73,33.77,33.14,33.3,336750.0,0.0,1.0,25.2975,25.3275,24.855,24.975,449000.0
2004-11-26,33.115,33.62,33.06,33.27,100500.0,0.0,1.0,24.83625,25.215,24.795,24.9525,134000.0
2004-11-24,33.76,33.99,32.56,33.03,337050.0,0.0,1.0,25.32,25.4925,24.42,24.7725,449400.0
2004-11-23,32.525,33.99,32.15,33.58,913950.0,0.0,1.0,24.39375,25.4925,24.1125,25.185,1218600.0
2004-11-22,31.55,32.6,31.5,32.6,628800.0,0.0,1.0,23.6625,24.450000000000006,23.625,24.450000000000006,838400.0
2004-11-19,31.75,32.2,31.55,31.82,454500.0,0.0,1.0,23.8125,24.15,23.6625,23.865,606000.0
2004-11-18,32.3,32.63,31.76,31.85,610050.0,0.0,1.0,24.225,24.472500000000004,23.82,23.887500000000006,813400.0
2004-11-17,31.7,33.2,31.3,32.224000000000004,1335000.0,0.0,1.0,23.775,24.9,23.475,24.168000000000003,1780000.0
2004-11-16,35.09,35.87,29.76,31.65,4976700.0,0.0,1.0,26.317500000000006,26.9025,22.32,23.7375,6635600.0
2004-11-15,34.7,35.29,34.07,35.2,503250.0,0.0,1.0,26.025,26.4675,25.5525,26.4,671000.0
2004-11-12,33.75,34.45,33.36,34.2,307950.0,0.0,1.0,25.3125,25.8375,25.02,25.65,410600.0
2004-11-11,35.18,35.4,33.05,34.06,917250.0,0.0,1.0,26.385,26.55,24.7875,25.545,1223000.0
2004-11-10,35.36,36.8,34.86,36.13,723675.0,0.0,1.0,26.52,27.6,26.145,27.097500000000004,964900.0
2004-11-09,34.5,36.25,34.34,34.96,924075.0,0.0,1.0,25.875,27.1875,25.755000000000006,26.22,1232100.0
2004-11-08,34.25,36.17,34.18,35.45,822750.0,0.0,1.0,25.6875,27.1275,25.635,26.5875,1097000.0
2004-11-05,35.0,35.2,33.79,34.27,504975.0,0.0,1.0,26.25,26.4,25.3425,25.7025,673300.0
2004-11-04,32.37,34.68,32.0,34.28,1567575.0,0.0,1.0,24.2775,26.01,24.0,25.71,2090100.0
2004-11-03,31.22,33.08,29.32,32.3,1810275.0,0.0,1.0,23.415,24.81,21.99,24.225,2413700.0
2004-11-02,31.43,31.43,30.75,31.07,323775.0,0.0,1.0,23.5725,23.5725,23.0625,23.3025,431700.0
2004-11-01,29.83,31.49,29.8,31.38,400500.0,0.0,1.0,22.3725,23.6175,22.35,23.535,534000.0
2004-10-29,31.17,31.58,29.65,30.23,490500.0,0.0,1.0,23.3775,23.685,22.2375,22.6725,654000.0
2004-10-28,32.37,32.37,30.76,31.21,396075.0,0.0,1.0,24.2775,24.2775,23.07,23.4075,528100.0
2004-10-27,30.24,32.86,30.16,31.94,1321650.0,0.0,1.0,22.68,24.645,22.62,23.955,1762200.0
2004-10-26,30.13,30.59,30.0,30.55,130800.0,0.0,1.0,22.5975,22.9425,22.5,22.9125,174400.0
2004-10-25,30.44,30.56,29.2,30.1,450300.0,0.0,1.0,22.83,22.92,21.9,22.575000000000006,600400.0
2004-10-22,31.27,31.49,30.63,30.69,1556250.0,0.0,1.0,23.4525,23.6175,22.9725,23.0175,2075000.0
2004-10-21,31.0,31.33,30.51,31.05,267375.0,0.0,1.0,23.25,23.4975,22.8825,23.2875,356500.0
2004-10-20,29.96,31.08,29.8,30.73,1098900.0,0.0,1.0,22.47,23.31,22.35,23.0475,1465200.0
2004-10-19,29.42,29.59,28.73,28.96,224475.0,0.0,1.0,22.065,22.1925,21.5475,21.72,299300.0
2004-10-18,29.0,29.85,28.77,29.63,205800.0,0.0,1.0,21.75,22.387500000000006,21.5775,22.2225,274400.0
2004-10-15,30.23,30.23,28.57,29.33,357600.0,0.0,1.0,22.6725,22.6725,21.4275,21.9975,476800.0
2004-10-14,30.12,30.3,29.89,30.21,276750.0,0.0,1.0,22.59,22.725,22.4175,22.6575,369000.0
2004-10-13,30.63,30.9,30.17,30.28,211050.0,0.0,1.0,22.9725,23.175,22.6275,22.71,281400.0
2004-10-12,30.64,30.64,29.44,30.38,332775.0,0.0,1.0,22.98,22.98,22.08,22.785,443700.0
2004-10-11,30.23,31.48,30.01,30.67,528150.0,0.0,1.0,22.6725,23.61,22.5075,23.0025,704200.0
2004-10-08,29.93,30.22,29.8,30.01,181500.0,0.0,1.0,22.4475,22.665,22.35,22.5075,242000.0
2004-10-07,31.26,31.26,29.86,30.2,248100.0,0.0,1.0,23.445,23.445,22.395,22.65,330800.0
2004-10-06,30.98,31.2,30.36,30.83,253875.0,0.0,1.0,23.235,23.4,22.77,23.1225,338500.0
2004-10-05,30.15,31.0,29.6,30.7,461175.0,0.0,1.0,22.6125,23.25,22.200000000000006,23.025,614900.0
2004-10-04,32.0,32.11,29.25,30.26,950100.0,0.0,1.0,24.0,24.0825,21.9375,22.695,1266800.0
2004-10-01,30.0,31.6,29.97,31.03,793350.0,0.0,1.0,22.5,23.700000000000006,22.4775,23.2725,1057800.0
2004-09-30,29.62,29.95,28.74,29.95,484500.0,0.0,1.0,22.215,22.4625,21.555,22.4625,646000.0
2004-09-29,29.05,30.0,29.05,29.78,306450.0,0.0,1.0,21.7875,22.5,21.7875,22.335,408600.0
2004-09-28,28.55,29.3,28.0,29.03,296175.0,0.0,1.0,21.4125,21.975,21.0,21.7725,394900.0
2004-09-27,29.5,29.5,28.76,28.9,315750.0,0.0,1.0,22.125,22.125,21.57,21.675,421000.0
2004-09-24,28.5,29.56,28.4,29.41,273975.0,0.0,1.0,21.375,22.17,21.3,22.0575,365300.0
2004-09-23,29.52,29.68,28.14,28.5,618750.0,0.0,1.0,22.14,22.26,21.105,21.375,825000.0
2004-09-22,30.17,30.6,29.49,29.85,489450.0,0.0,1.0,22.6275,22.950000000000006,22.1175,22.387500000000006,652600.0
2004-09-21,28.66,30.72,28.61,30.36,1000575.0,0.0,1.0,21.495,23.04,21.4575,22.77,1334100.0
2004-09-20,28.2,28.81,28.0,28.45,273075.0,0.0,1.0,21.15,21.6075,21.0,21.3375,364100.0
2004-09-17,28.95,29.15,28.1,28.2,323100.0,0.0,1.0,21.7125,21.8625,21.075000000000006,21.15,430800.0
2004-09-16,29.2,29.8,28.48,28.85,1699875.0,0.0,1.0,21.9,22.35,21.36,21.637500000000006,2266500.0
2004-09-15,26.5,29.25,26.35,28.52,923850.0,0.0,1.0,19.875,21.9375,19.762500000000006,21.39,1231800.0
2004-09-14,26.62,26.65,26.05,26.54,187350.0,0.0,1.0,19.965,19.9875,19.5375,19.905,249800.0
2004-09-13,26.91,26.91,26.58,26.58,108675.0,0.0,1.0,20.1825,20.1825,19.935,19.935,144900.0
2004-09-10,26.99,27.0,26.6,26.8,231150.0,0.0,1.0,20.2425,20.25,19.950000000000006,20.1,308200.0
2004-09-09,26.25,27.000999999999998,26.0,26.99,189375.0,0.0,1.0,19.6875,20.25075,19.5,20.2425,252500.0
2004-09-08,26.81,27.099,26.0,26.0,179400.0,0.0,1.0,20.1075,20.32425,19.5,19.5,239200.0
2004-09-07,25.53,27.28,25.53,26.93,228300.0,0.0,1.0,19.1475,20.46,19.1475,20.1975,304400.0
2004-09-03,25.65,26.0,25.4,25.76,70500.0,0.0,1.0,19.2375,19.5,19.05,19.32,94000.0
2004-09-02,26.34,26.34,25.5,25.68,139950.0,0.0,1.0,19.755,19.755,19.125,19.26,186600.0
2004-09-01,25.75,26.5,25.61,25.9,91200.0,0.0,1.0,19.3125,19.875,19.2075,19.425,121600.0
2004-08-31,26.18,26.2,25.54,25.88,169950.0,0.0,1.0,19.635,19.65,19.155,19.41,226600.0
2004-08-30,25.94,26.66,25.89,26.23,141300.0,0.0,1.0,19.455,19.995,19.4175,19.6725,188400.0
2004-08-27,25.56,25.92,25.42,25.92,91200.0,0.0,1.0,19.17,19.44,19.065,19.44,121600.0
2004-08-26,25.99,26.11,25.44,25.5,90900.0,0.0,1.0,19.4925,19.5825,19.08,19.125,121200.0
2004-08-25,25.85,26.35,25.5,25.75,156000.0,0.0,1.0,19.387500000000006,19.762500000000006,19.125,19.3125,208000.0
2004-08-24,26.59,26.59,25.89,25.93,110100.0,0.0,1.0,19.9425,19.9425,19.4175,19.4475,146800.0
2004-08-23,26.25,26.88,26.0,26.02,207075.0,0.0,1.0,19.6875,20.16,19.5,19.515,276100.0
2004-08-20,27.56,27.56,26.25,26.5,465375.0,0.0,1.0,20.67,20.67,19.6875,19.875,620500.0
2004-08-19,27.7,28.2,27.01,27.55,648750.0,0.0,1.0,20.775,21.15,20.2575,20.6625,865000.0
2004-08-18,29.35,30.04,28.31,29.78,285975.0,0.0,1.0,22.012500000000006,22.53,21.2325,22.335,381300.0
2004-08-17,29.1,30.06,28.91,29.37,281175.0,0.0,1.0,21.825000000000006,22.545,21.6825,22.0275,374900.0
2004-08-16,28.5,29.0,28.02,28.9,172050.0,0.0,1.0,21.375,21.75,21.015,21.675,229400.0
2004-08-13,28.34,28.83,28.0,28.1,89250.0,0.0,1.0,21.255,21.6225,21.0,21.075000000000006,119000.0
2004-08-12,29.24,29.24,28.41,28.47,112500.0,0.0,1.0,21.93,21.93,21.3075,21.3525,150000.0
2004-08-11,28.8,29.28,28.4,29.18,309450.0,0.0,1.0,21.6,21.96,21.3,21.885,412600.0
2004-08-10,28.98,29.0,28.05,28.83,437550.0,0.0,1.0,21.735,21.75,21.0375,21.6225,583400.0
2004-08-09,28.99,28.99,27.78,28.07,199500.0,0.0,1.0,21.7425,21.7425,20.835,21.0525,266000.0
2004-08-06,29.9,29.9,28.5,28.73,380850.0,0.0,1.0,22.425,22.425,21.375,21.5475,507800.0
2004-08-05,30.58,31.0,29.65,30.18,341175.0,0.0,1.0,22.935,23.25,22.2375,22.635,454900.0
2004-08-04,29.45,30.84,28.5,30.58,436575.0,0.0,1.0,22.0875,23.13,21.375,22.935,582100.0
2004-08-03,29.56,31.5,29.5,29.51,1489575.0,0.0,1.0,22.17,23.625,22.125,22.1325,1986100.0
2004-08-02,19.335,20.61,19.335,20.52,266850.0,0.0,1.0,14.50125,15.4575,14.50125,15.39,355800.0
2004-07-30,26.0,26.64,25.89,26.24,199275.0,0.0,1.0,19.5,19.98,19.4175,19.68,265700.0
2004-07-29,23.89,25.85,23.65,25.7,384600.0,0.0,1.0,17.9175,19.387500000000006,17.737499999999994,19.275,512800.0
2004-07-28,24.07,24.26,23.07,23.6,322650.0,0.0,1.0,18.0525,18.195,17.302500000000002,17.700000000000006,430200.0
2004-07-27,24.56,24.93,24.06,24.2,240150.0,0.0,1.0,18.42,18.6975,18.045,18.15,320200.0
2004-07-26,25.7,25.8,24.23,24.58,220650.0,0.0,1.0,19.275,19.35,18.1725,18.435,294200.0
2004-07-23,26.07,26.45,25.28,25.35,173850.0,0.0,1.0,19.5525,19.8375,18.96,19.012500000000006,231800.0
2004-07-22,26.37,26.81,25.0,26.12,217575.0,0.0,1.0,19.7775,20.1075,18.75,19.59,290100.0
2004-07-21,28.0,28.0,25.96,26.77,319800.0,0.0,1.0,21.0,21.0,19.47,20.0775,426400.0
2004-07-20,27.35,28.34,27.06,27.9,381975.0,0.0,1.0,20.512500000000006,21.255,20.295,20.925,509300.0
2004-07-19,29.39,29.39,26.54,27.47,342300.0,0.0,1.0,22.0425,22.0425,19.905,20.6025,456400.0
2004-07-16,28.95,29.5,28.64,29.13,222450.0,0.0,1.0,21.7125,22.125,21.48,21.8475,296600.0
2004-07-15,27.9,29.47,27.53,28.92,316800.0,0.0,1.0,20.925,22.1025,20.6475,21.69,422400.0
2004-07-14,28.02,28.57,27.59,27.89,228300.0,0.0,1.0,21.015,21.4275,20.6925,20.9175,304400.0
2004-07-13,26.14,28.49,26.14,28.4,463275.0,0.0,1.0,19.605,21.3675,19.605,21.3,617700.0
2004-07-12,26.5,27.21,26.03,26.31,354675.0,0.0,1.0,19.875,20.4075,19.5225,19.7325,472900.0
2004-07-09,27.0,27.02,25.8,27.02,766200.0,0.0,1.0,20.25,20.265,19.35,20.265,1021600.0
2004-07-08,29.5,29.54,26.91,27.1,411975.0,0.0,1.0,22.125,22.155,20.1825,20.325000000000006,549300.0
2004-07-07,27.86,29.25,27.63,28.81,305850.0,0.0,1.0,20.895,21.9375,20.7225,21.6075,407800.0
2004-07-06,28.08,29.07,27.5,28.22,671700.0,0.0,1.0,21.06,21.8025,20.625,21.165,895600.0
2004-07-02,29.51,29.9,26.26,29.24,1301550.0,0.0,1.0,22.1325,22.425,19.695,21.93,1735400.0
2004-07-01,32.95,33.06,29.16,29.75,1266750.0,0.0,1.0,24.7125,24.795,21.87,22.3125,1689000.0
2004-06-30,32.51,33.53,32.45,33.04,421050.0,0.0,1.0,24.3825,25.1475,24.3375,24.78,561400.0
2004-06-29,32.49,32.75,32.11,32.51,405900.0,0.0,1.0,24.3675,24.5625,24.0825,24.3825,541200.0
2004-06-28,31.61,33.57,31.44,31.73,954450.0,0.0,1.0,23.7075,25.1775,23.58,23.7975,1272600.0
2004-06-25,31.43,32.12,30.590999999999998,31.2,1290450.0,0.0,1.0,23.5725,24.09,22.94325,23.4,1720600.0
2004-06-24,30.82,31.4,30.41,30.72,472200.0,0.0,1.0,23.115,23.55,22.8075,23.04,629600.0
2004-06-23,31.49,31.7,30.4,30.44,506475.0,0.0,1.0,23.6175,23.775,22.8,22.83,675300.0
2004-06-22,31.48,31.52,30.03,30.59,797100.0,0.0,1.0,23.61,23.64,22.5225,22.9425,1062800.0
2004-06-21,29.28,31.68,29.0,30.74,2700675.0,0.0,1.0,21.96,23.76,21.75,23.055,3600900.0
2004-06-18,28.48,28.63,27.88,28.39,158100.0,0.0,1.0,21.36,21.4725,20.91,21.2925,210800.0
2004-06-17,28.06,28.73,27.94,28.21,242400.0,0.0,1.0,21.045,21.5475,20.955,21.1575,323200.0
2004-06-16,27.9,28.05,27.76,27.98,187050.0,0.0,1.0,20.925,21.0375,20.82,20.985,249400.0
2004-06-15,27.0,27.9,26.89,27.75,242550.0,0.0,1.0,20.25,20.925,20.1675,20.8125,323400.0
2004-06-14,27.4,27.43,26.16,26.54,201300.0,0.0,1.0,20.55,20.5725,19.62,19.905,268400.0
2004-06-10,28.02,28.02,26.51,27.36,140400.0,0.0,1.0,21.015,21.015,19.8825,20.52,187200.0
2004-06-09,27.84,28.0,27.3,27.43,173775.0,0.0,1.0,20.88,21.0,20.475,20.5725,231700.0
2004-06-08,28.79,29.2,27.34,27.66,502050.0,0.0,1.0,21.5925,21.9,20.505,20.745,669400.0
2004-06-07,28.08,28.1,27.79,27.86,270300.0,0.0,1.0,21.06,21.075000000000006,20.8425,20.895,360400.0
2004-06-04,28.68,28.69,27.8,27.9,330075.0,0.0,1.0,21.51,21.5175,20.85,20.925,440100.0
2004-06-03,28.03,28.4,27.74,27.9,467100.0,0.0,1.0,21.0225,21.3,20.805,20.925,622800.0
2004-06-02,28.0,28.21,27.26,27.85,408075.0,0.0,1.0,21.0,21.1575,20.445,20.887500000000006,544100.0
2004-06-01,25.0,28.2,25.0,27.75,633900.0,0.0,1.0,18.75,21.15,18.75,20.8125,845200.0
2004-05-28,24.25,25.0,23.92,24.92,187650.0,0.0,1.0,18.1875,18.75,17.94,18.69,250200.0
2004-05-27,24.4019,25.27,24.09,24.8,305775.0,0.0,1.0,18.301425,18.9525,18.0675,18.6,407700.0
2004-05-26,25.75,25.96,24.51,25.01,315750.0,0.0,1.0,19.3125,19.47,18.3825,18.7575,421000.0
2004-05-25,26.22,26.49,25.3,25.82,217575.0,0.0,1.0,19.665,19.8675,18.975,19.365,290100.0
2004-05-24,26.32,27.21,25.7,26.63,233175.0,0.0,1.0,19.74,20.4075,19.275,19.9725,310900.0
2004-05-21,24.6,26.13,24.221,25.82,412350.0,0.0,1.0,18.450000000000006,19.5975,18.16575,19.365,549800.0
2004-05-20,25.62,25.89,23.01,24.2,1016175.0,0.0,1.0,19.215,19.4175,17.2575,18.15,1354900.0
2004-05-19,28.07,28.35,24.58,25.85,758400.0,0.0,1.0,21.0525,21.262500000000006,18.435,19.387500000000006,1011200.0
2004-05-18,28.28,28.32,27.25,27.42,138750.0,0.0,1.0,21.21,21.24,20.4375,20.565,185000.0
2004-05-17,27.48,28.2,26.63,27.74,175200.0,0.0,1.0,20.61,21.15,19.9725,20.805,233600.0
2004-05-14,26.81,27.68,26.57,26.97,264675.0,0.0,1.0,20.1075,20.76,19.9275,20.2275,352900.0
2004-05-13,26.75,28.9,26.25,27.91,622650.0,0.0,1.0,20.0625,21.675,19.6875,20.9325,830200.0
2004-05-12,27.13,27.79,26.5,27.21,409650.0,0.0,1.0,20.3475,20.8425,19.875,20.4075,546200.0
2004-05-11,27.39,28.62,27.15,27.35,388800.0,0.0,1.0,20.5425,21.465,20.3625,20.512500000000006,518400.0
2004-05-10,28.7,28.78,26.28,26.99,315675.0,0.0,1.0,21.525,21.585,19.71,20.2425,420900.0
2004-05-07,27.82,29.39,27.8,28.69,461850.0,0.0,1.0,20.865,22.0425,20.85,21.5175,615800.0
2004-05-06,27.76,28.15,27.25,28.03,768375.0,0.0,1.0,20.82,21.1125,20.4375,21.0225,1024500.0
2004-05-05,25.99,27.1,25.77,26.68,473175.0,0.0,1.0,19.4925,20.325000000000006,19.3275,20.01,630900.0
2004-05-04,29.5,29.85,25.66,26.7,709275.0,0.0,1.0,22.125,22.387500000000006,19.245,20.025,945700.0
2004-05-03,29.0,29.5,26.81,28.6,513900.0,0.0,1.0,21.75,22.125,20.1075,21.450000000000006,685200.0
2004-04-30,26.2,30.19,26.09,30.1,548250.0,0.0,1.0,19.65,22.6425,19.5675,22.575000000000006,731000.0
2004-04-29,26.91,27.4,24.68,26.2,501900.0,0.0,1.0,20.1825,20.55,18.51,19.65,669200.0
2004-04-28,26.24,27.98,26.18,26.91,443775.0,0.0,1.0,19.68,20.985,19.635,20.1825,591700.0
2004-04-27,30.49,30.57,25.0,26.94,1379550.0,0.0,1.0,22.8675,22.9275,18.75,20.205,1839400.0
2004-04-26,29.25,30.69,29.25,30.07,525750.0,0.0,1.0,21.9375,23.0175,21.9375,22.5525,701000.0
2004-04-23,28.5,29.5,28.47,29.15,322950.0,0.0,1.0,21.375,22.125,21.3525,21.8625,430600.0
2004-04-22,27.84,28.4,27.15,28.05,276075.0,0.0,1.0,20.88,21.3,20.3625,21.0375,368100.0
2004-04-21,27.12,27.9,26.75,27.55,276075.0,0.0,1.0,20.34,20.925,20.0625,20.6625,368100.0
2004-04-20,27.47,27.94,26.8,27.3,373650.0,0.0,1.0,20.6025,20.955,20.1,20.475,498200.0
2004-04-19,28.45,28.45,26.8,27.0,242850.0,0.0,1.0,21.3375,21.3375,20.1,20.25,323800.0
2004-04-16,28.13,28.58,27.51,27.9,170175.0,0.0,1.0,21.0975,21.435,20.6325,20.925,226900.0
2004-04-15,27.49,27.85,26.81,27.82,168600.0,0.0,1.0,20.6175,20.887500000000006,20.1075,20.865,224800.0
2004-04-14,28.3,28.5,25.98,26.89,367500.0,0.0,1.0,21.225,21.375,19.485,20.1675,490000.0
2004-04-13,29.59,30.0,28.0,28.32,690075.0,0.0,1.0,22.1925,22.5,21.0,21.24,920100.0
2004-04-12,26.84,28.74,26.7,28.4,433650.0,0.0,1.0,20.13,21.555,20.025,21.3,578200.0
2004-04-08,27.74,27.74,26.76,27.0,206475.0,0.0,1.0,20.805,20.805,20.07,20.25,275300.0
2004-04-07,27.25,27.5,26.56,27.38,406800.0,0.0,1.0,20.4375,20.625,19.92,20.535,542400.0
2004-04-06,26.6,27.39,26.3,26.74,454575.0,0.0,1.0,19.950000000000006,20.5425,19.725,20.055,606100.0
2004-04-05,29.24,29.31,26.55,26.92,1253550.0,0.0,1.0,21.93,21.9825,19.9125,20.19,1671400.0
2004-04-02,26.57,28.0,26.25,27.91,785550.0,0.0,1.0,19.9275,21.0,19.6875,20.9325,1047400.0
2004-04-01,24.6,26.24,24.6,26.1,711300.0,0.0,1.0,18.450000000000006,19.68,18.450000000000006,19.575000000000006,948400.0
2004-03-31,24.25,24.8,24.23,24.57,402450.0,0.0,1.0,18.1875,18.6,18.1725,18.4275,536600.0
2004-03-30,24.5,24.55,24.29,24.45,119550.0,0.0,1.0,18.375,18.4125,18.2175,18.3375,159400.0
2004-03-29,24.68,24.72,24.11,24.28,286275.0,0.0,1.0,18.51,18.54,18.0825,18.21,381700.0
2004-03-26,24.03,24.95,22.72,24.0,328275.0,0.0,1.0,18.0225,18.7125,17.04,18.0,437700.0
2004-03-25,23.54,24.07,22.67,23.72,229050.0,0.0,1.0,17.655,18.0525,17.0025,17.79,305400.0
2004-03-24,23.17,23.5,22.62,23.42,163650.0,0.0,1.0,17.3775,17.625,16.965,17.565,218200.0
2004-03-23,23.7,23.7,22.15,22.98,81975.0,0.0,1.0,17.775,17.775,16.612499999999994,17.235,109300.0
2004-03-22,22.02,23.73,22.0,23.01,254700.0,0.0,1.0,16.515,17.7975,16.5,17.2575,339600.0
2004-03-19,22.0,24.23,21.91,22.78,293175.0,0.0,1.0,16.5,18.1725,16.4325,17.085,390900.0
2004-03-18,23.8,23.8,22.01,22.41,310950.0,0.0,1.0,17.85,17.85,16.5075,16.8075,414600.0
2004-03-17,23.55,23.99,23.21,23.64,81975.0,0.0,1.0,17.6625,17.9925,17.4075,17.73,109300.0
2004-03-16,23.76,24.25,23.2,23.24,234750.0,0.0,1.0,17.82,18.1875,17.4,17.43,313000.0
2004-03-15,21.96,24.0,21.96,23.629,1035975.0,0.0,1.0,16.47,18.0,16.47,17.72175,1381300.0
2004-03-12,21.71,22.4,21.11,22.26,318375.0,0.0,1.0,16.2825,16.799999999999994,15.8325,16.695,424500.0
2004-03-11,22.37,22.37,20.7,21.61,223050.0,0.0,1.0,16.7775,16.7775,15.525,16.2075,297400.0
2004-03-10,22.8,22.8,21.51,21.82,135750.0,0.0,1.0,17.1,17.1,16.1325,16.365000000000002,181000.0
2004-03-09,21.25,23.189,21.1,22.5,609300.0,0.0,1.0,15.9375,17.391750000000002,15.825,16.875,812400.0
2004-03-08,19.81,20.15,19.74,20.0,183075.0,0.0,1.0,14.857499999999998,15.1125,14.805,15.0,244100.0
2004-03-05,19.8,19.81,19.44,19.79,57975.0,0.0,1.0,14.85,14.857499999999998,14.580000000000002,14.8425,77300.0
2004-03-04,20.0,20.0,19.61,19.741,53100.0,0.0,1.0,15.0,15.0,14.7075,14.80575,70800.0
2004-03-03,20.2,20.2,19.64,19.9902,93975.0,0.0,1.0,15.15,15.15,14.73,14.99265,125300.0
2004-03-02,19.01,20.3,19.01,20.05,418575.0,0.0,1.0,14.2575,15.225,14.2575,15.0375,558100.0
2004-03-01,17.8,19.19,17.8,19.01,178275.0,0.0,1.0,13.35,14.392500000000002,13.35,14.2575,237700.0
2004-02-27,17.749000000000002,18.25,17.581,18.19,47550.0,0.0,1.0,13.31175,13.6875,13.18575,13.642500000000002,63400.0
2004-02-26,17.6,18.17,17.1,18.1,87675.0,0.0,1.0,13.2,13.6275,12.825,13.575,116900.0
2004-02-25,16.96,17.6,16.875,17.561,69150.0,0.0,1.0,12.72,13.2,12.65625,13.17075,92200.0
2004-02-24,17.8,18.0,16.99,16.99,57000.0,0.0,1.0,13.35,13.5,12.7425,12.7425,76000.0
2004-02-23,17.8,18.5,17.8,18.17,68475.0,0.0,1.0,13.35,13.875,13.35,13.6275,91300.0
2004-02-20,17.855,17.984,17.65,17.878,25275.0,0.0,1.0,13.39125,13.488,13.2375,13.4085,33700.0
2004-02-19,17.6,18.067,17.6,17.89,43800.0,0.0,1.0,13.2,13.55025,13.2,13.4175,58400.0
2004-02-18,17.825,17.97,17.5,17.97,20250.0,0.0,1.0,13.36875,13.4775,13.125,13.4775,27000.0
2004-02-17,17.68,18.08,17.54,17.73,53100.0,0.0,1.0,13.26,13.56,13.155,13.2975,70800.0
2004-02-13,18.15,18.15,17.63,17.9,118500.0,0.0,1.0,13.6125,13.6125,13.2225,13.425,158000.0
2004-02-12,17.6,18.12,17.561,18.03,116250.0,0.0,1.0,13.2,13.59,13.17075,13.5225,155000.0
2004-02-11,18.07,18.07,17.49,17.531,118050.0,0.0,1.0,13.5525,13.5525,13.1175,13.14825,157400.0
2004-02-10,18.12,19.483,16.54,18.0,283575.0,0.0,1.0,13.59,14.61225,12.405,13.5,378100.0
2004-02-09,16.06,18.06,16.059,18.04,245475.0,0.0,1.0,12.044999999999998,13.544999999999998,12.044250000000002,13.53,327300.0
2004-02-06,16.04,16.42,15.9,16.0,40650.0,0.0,1.0,12.03,12.315,11.925,12.0,54200.0
2004-02-05,15.76,16.13,14.77,15.79,76800.0,0.0,1.0,11.82,12.0975,11.0775,11.8425,102400.0
2004-02-04,15.9,16.06,15.74,15.76,15300.0,0.0,1.0,11.925,12.044999999999998,11.805,11.82,20400.0
2004-02-03,15.95,16.158,15.85,15.96,28650.0,0.0,1.0,11.9625,12.1185,11.8875,11.97,38200.0
2004-02-02,16.23,16.3,15.91,15.91,21750.0,0.0,1.0,12.1725,12.225,11.9325,11.9325,29000.0
2004-01-30,15.55,16.28,15.47,16.21,32550.0,0.0,1.0,11.6625,12.21,11.6025,12.1575,43400.0
2004-01-29,15.56,15.79,15.0,15.46,12075.0,0.0,1.0,11.67,11.8425,11.25,11.595,16100.0
2004-01-28,15.88,15.88,15.67,15.69,7575.0,0.0,1.0,11.91,11.91,11.7525,11.7675,10100.0
2004-01-27,15.85,15.94,15.6,15.9,38175.0,0.0,1.0,11.8875,11.955,11.7,11.925,50900.0
2004-01-26,15.7,15.92,15.45,15.74,28800.0,0.0,1.0,11.775,11.94,11.5875,11.805,38400.0
2004-01-23,15.5,15.82,15.42,15.61,56400.0,0.0,1.0,11.625,11.865,11.565,11.7075,75200.0
2004-01-22,16.05,16.09,15.5,15.53,19200.0,0.0,1.0,12.0375,12.0675,11.625,11.6475,25600.0
2004-01-21,15.4,15.7,15.4,15.59,21675.0,0.0,1.0,11.55,11.775,11.55,11.6925,28900.0
2004-01-20,15.15,15.6,15.15,15.56,16500.0,0.0,1.0,11.3625,11.7,11.3625,11.67,22000.0
2004-01-16,15.4,15.4,13.47,15.16,107550.0,0.0,1.0,11.55,11.55,10.1025,11.37,143400.0
2004-01-15,15.75,15.96,15.4,15.8,21300.0,0.0,1.0,11.8125,11.97,11.55,11.85,28400.0
2004-01-14,16.17,16.17,15.49,15.84,14775.0,0.0,1.0,12.1275,12.1275,11.6175,11.88,19700.0
2004-01-13,15.94,16.35,15.7,16.17,39900.0,0.0,1.0,11.955,12.2625,11.775,12.1275,53200.0
2004-01-12,16.17,16.35,15.931,15.94,10800.0,0.0,1.0,12.1275,12.2625,11.94825,11.955,14400.0
2004-01-09,15.25,16.27,15.18,15.93,49575.0,0.0,1.0,11.4375,12.2025,11.385,11.9475,66100.0
2004-01-08,15.2,15.39,14.91,15.39,28950.0,0.0,1.0,11.4,11.5425,11.1825,11.5425,38600.0
2004-01-07,15.4,15.4,15.07,15.11,22350.0,0.0,1.0,11.55,11.55,11.3025,11.3325,29800.0
2004-01-06,15.02,15.44,14.57,15.39,30600.0,0.0,1.0,11.265,11.58,10.9275,11.5425,40800.0
2004-01-05,14.95,15.57,14.95,15.109000000000002,29400.0,0.0,1.0,11.2125,11.6775,11.2125,11.33175,39200.0
2004-01-02,15.12,15.15,14.96,15.0,3150.0,0.0,1.0,11.34,11.3625,11.22,11.25,4200.0
2003-12-31,15.2,15.22,14.99,15.16,11850.0,0.0,1.0,11.4,11.415,11.2425,11.37,15800.0
2003-12-30,15.2,15.2,15.1,15.2,25950.0,0.0,1.0,11.4,11.4,11.325,11.4,34600.0
2003-12-29,15.15,15.25,14.9,15.14,38475.0,0.0,1.0,11.3625,11.4375,11.175,11.355,51300.0
2003-12-26,14.91,14.98,14.81,14.911,13200.0,0.0,1.0,11.1825,11.235,11.1075,11.18325,17600.0
2003-12-24,14.91,15.07,14.78,14.85,20100.0,0.0,1.0,11.1825,11.3025,11.085,11.1375,26800.0
2003-12-23,15.25,15.25,14.7,15.0,43950.0,0.0,1.0,11.4375,11.4375,11.025,11.25,58600.0
2003-12-22,15.39,15.71,15.16,15.31,53100.0,0.0,1.0,11.5425,11.7825,11.37,11.4825,70800.0
2003-12-19,15.75,15.9,14.11,15.37,77475.0,0.0,1.0,11.8125,11.925,10.5825,11.5275,103300.0
2003-12-18,16.12,16.75,14.6,15.15,131175.0,0.0,1.0,12.09,12.5625,10.95,11.3625,174900.0
2003-12-17,15.13,16.52,15.13,16.45,26550.0,0.0,1.0,11.3475,12.39,11.3475,12.3375,35400.0
2003-12-16,15.96,16.23,14.59,15.33,45975.0,0.0,1.0,11.97,12.1725,10.9425,11.4975,61300.0
2003-12-15,16.7,16.77,16.01,16.04,36075.0,0.0,1.0,12.525,12.5775,12.0075,12.03,48100.0
2003-12-12,16.031,16.749000000000002,15.919960000000001,16.749000000000002,51450.0,0.0,1.0,12.02325,12.56175,11.93997,12.56175,68600.0
2003-12-11,16.5,16.5,16.0,16.02,29550.0,0.0,1.0,12.375,12.375,12.0,12.015,39400.0
2003-12-10,16.265,17.0,16.1,16.36,78000.0,0.0,1.0,12.19875,12.75,12.075,12.27,104000.0
2003-12-09,15.76,16.5,15.76,16.37,25575.0,0.0,1.0,11.82,12.375,11.82,12.2775,34100.0
2003-12-08,16.1,16.34,15.75,16.0,73200.0,0.0,1.0,12.075,12.255,11.8125,12.0,97600.0
2003-12-05,15.5,16.25,15.05,16.11,32475.0,0.0,1.0,11.625,12.1875,11.2875,12.0825,43300.0
2003-12-04,15.1,16.36,14.9,15.88,105150.0,0.0,1.0,11.325,12.27,11.175,11.91,140200.0
2003-12-03,14.9,15.5,14.9,15.09,86700.0,0.0,1.0,11.175,11.625,11.175,11.3175,115600.0
2003-12-02,14.76,15.08,14.52,15.02,198675.0,0.0,1.0,11.07,11.31,10.89,11.265,264900.0
2003-12-01,13.71,15.0,13.71,14.96,290775.0,0.0,1.0,10.2825,11.25,10.2825,11.22,387700.0
2003-11-28,13.9,13.9,13.75,13.86,25350.0,0.0,1.0,10.425,10.425,10.3125,10.395,33800.0
2003-11-26,13.51,14.2,13.51,13.9,35850.0,0.0,1.0,10.1325,10.65,10.1325,10.425,47800.0
2003-11-25,13.71,13.9,13.37,13.6,56175.0,0.0,1.0,10.2825,10.425,10.0275,10.2,74900.0
2003-11-24,13.4,13.74,13.0,13.72,157800.0,0.0,1.0,10.05,10.305,9.75,10.29,210400.0
2003-11-21,13.8,13.86,13.36,13.46,47775.0,0.0,1.0,10.35,10.395,10.02,10.095,63700.0
2003-11-20,14.11,14.35,13.2,13.86,63675.0,0.0,1.0,10.5825,10.7625,9.9,10.395,84900.0
2003-11-19,13.55,14.59,13.5,13.9,62550.0,0.0,1.0,10.1625,10.9425,10.125,10.425,83400.0
2003-11-18,13.55,13.99,13.5,13.6,25575.0,0.0,1.0,10.1625,10.4925,10.125,10.2,34100.0
2003-11-17,13.99,14.25,13.09,13.7,111300.0,0.0,1.0,10.4925,10.6875,9.8175,10.275,148400.0
2003-11-14,14.49,14.49,13.9,14.11,56700.0,0.0,1.0,10.8675,10.8675,10.425,10.5825,75600.0
2003-11-13,13.46,14.48,12.95,14.36,141150.0,0.0,1.0,10.095,10.86,9.7125,10.77,188200.0
2003-11-12,13.27,13.48,12.88,13.34,60075.0,0.0,1.0,9.9525,10.11,9.66,10.005,80100.0
2003-11-11,12.59,13.23,12.0,13.05,150600.0,0.0,1.0,9.4425,9.9225,9.0,9.7875,200800.0
2003-11-10,13.05,13.085,12.6,12.7,144300.0,0.0,1.0,9.7875,9.81375,9.45,9.525,192400.0
2003-11-07,13.0,13.1,12.49,12.95,76950.0,0.0,1.0,9.75,9.825,9.3675,9.7125,102600.0
2003-11-06,12.54,13.18,12.5,12.86,168075.0,0.0,1.0,9.405,9.885,9.375,9.645,224100.0
2003-11-05,11.96,12.53,11.9,12.5,181275.0,0.0,1.0,8.97,9.3975,8.925,9.375,241700.0
2003-11-04,11.23,11.25,11.05,11.25,41775.0,0.0,1.0,8.4225,8.4375,8.287500000000001,8.4375,55700.0
2003-11-03,11.25,11.25,11.05,11.22,32100.0,0.0,1.0,8.4375,8.4375,8.287500000000001,8.415000000000001,42800.0
2003-10-31,11.050999999999998,11.25,11.05,11.14,34575.0,0.0,1.0,8.28825,8.4375,8.287500000000001,8.355,46100.0
2003-10-30,11.02,11.23,10.92,10.92,26475.0,0.0,1.0,8.265,8.4225,8.19,8.19,35300.0
2003-10-29,11.3,11.44,11.03,11.25,33150.0,0.0,1.0,8.475000000000001,8.58,8.272499999999999,8.4375,44200.0
2003-10-28,11.15,11.44,11.15,11.38,91950.0,0.0,1.0,8.3625,8.58,8.3625,8.535,122600.0
2003-10-27,11.05,11.46,11.05,11.329,79575.0,0.0,1.0,8.287500000000001,8.595,8.287500000000001,8.49675,106100.0
2003-10-24,10.26,11.05,10.26,11.04,14100.0,0.0,1.0,7.695,8.287500000000001,7.695,8.28,18800.0
2003-10-23,10.979000000000001,10.979000000000001,9.95,10.45,39975.0,0.0,1.0,8.23425,8.23425,7.462499999999999,7.837499999999999,53300.0
2003-10-22,11.42,11.42,11.0,11.15,35250.0,0.0,1.0,8.565,8.565,8.25,8.3625,47000.0
2003-10-21,11.1,11.45,11.1,11.4,115050.0,0.0,1.0,8.325,8.587499999999999,8.325,8.55,153400.0
2003-10-20,10.79,11.54,10.75,11.08,108450.0,0.0,1.0,8.0925,8.655,8.0625,8.31,144600.0
2003-10-17,10.5,10.75,10.5,10.74,31050.0,0.0,1.0,7.875,8.0625,7.875,8.055,41400.0
2003-10-16,10.6,10.75,10.3,10.63,36075.0,0.0,1.0,7.949999999999998,8.0625,7.725,7.9725,48100.0
2003-10-15,10.35,10.699000000000002,10.35,10.59,35175.0,0.0,1.0,7.762499999999998,8.02425,7.762499999999998,7.9425,46900.0
2003-10-14,10.44,10.62,10.19,10.49,69750.0,0.0,1.0,7.83,7.965,7.6425,7.8675,93000.0
2003-10-13,10.35,10.479000000000001,10.22,10.429,33375.0,0.0,1.0,7.762499999999998,7.8592499999999985,7.665000000000001,7.82175,44500.0
2003-10-10,10.25,10.3,10.06,10.19,13275.0,0.0,1.0,7.6875,7.725,7.545,7.6425,17700.0
2003-10-09,9.95,10.45,9.95,10.45,33300.0,0.0,1.0,7.462499999999999,7.837499999999999,7.462499999999999,7.837499999999999,44400.0
2003-10-08,9.75,9.94,9.75,9.8,900.0,0.0,1.0,7.3125,7.455,7.3125,7.35,1200.0
2003-10-07,9.85,9.89,9.8,9.85,23250.0,0.0,1.0,7.387499999999998,7.4175,7.35,7.387499999999998,31000.0
2003-10-06,10.3,10.3,9.85,9.9,30075.0,0.0,1.0,7.725,7.725,7.387499999999998,7.425000000000002,40100.0
2003-10-03,10.74,10.94,9.8,9.88,69075.0,0.0,1.0,8.055,8.205,7.35,7.41,92100.0
2003-10-02,9.6,10.34,9.311,9.95,35700.0,0.0,1.0,7.199999999999998,7.755,6.98325,7.462499999999999,47600.0
2003-10-01,9.15,9.64,9.15,9.64,70650.0,0.0,1.0,6.862500000000002,7.23,6.862500000000002,7.23,94200.0
2003-09-30,9.16,9.25,9.1,9.238999999999999,35550.0,0.0,1.0,6.87,6.9375,6.824999999999998,6.9292500000000015,47400.0
2003-09-29,9.2,9.26,9.15,9.16,13050.0,0.0,1.0,6.9,6.945,6.862500000000002,6.87,17400.0
2003-09-26,9.2,9.2,9.12,9.12,33450.0,0.0,1.0,6.9,6.9,6.84,6.84,44600.0
2003-09-25,8.9,9.37,8.9,9.171,14850.0,0.0,1.0,6.675000000000002,7.0275,6.675000000000002,6.87825,19800.0
2003-09-24,9.37,9.37,9.0,9.0,14250.0,0.0,1.0,7.0275,7.0275,6.75,6.75,19000.0
2003-09-23,9.19,9.37,9.06,9.32,22350.0,0.0,1.0,6.8925,7.0275,6.795,6.99,29800.0
2003-09-22,9.0,9.27,8.6,9.269,16200.0,0.0,1.0,6.75,6.9525,6.449999999999998,6.9517500000000005,21600.0
2003-09-19,8.87,9.02,8.87,9.02,11100.0,0.0,1.0,6.6525,6.765,6.6525,6.765,14800.0
2003-09-18,8.83,8.87,8.63,8.87,37350.0,0.0,1.0,6.6225000000000005,6.6525,6.4725,6.6525,49800.0
2003-09-17,8.85,8.9,8.1,8.829,38250.0,0.0,1.0,6.637499999999998,6.675000000000002,6.074999999999998,6.6217500000000005,51000.0
2003-09-16,8.94,8.94,8.81,8.81,16275.0,0.0,1.0,6.705,6.705,6.6075,6.6075,21700.0
2003-09-15,8.65,8.929,8.65,8.929,17175.0,0.0,1.0,6.487500000000002,6.69675,6.487500000000002,6.69675,22900.0
2003-09-12,8.64,8.73,8.39,8.65,26775.0,0.0,1.0,6.48,6.5475,6.2925,6.487500000000002,35700.0
2003-09-11,8.32,8.71,8.25,8.401,39375.0,0.0,1.0,6.24,6.5325000000000015,6.1875,6.30075,52500.0
2003-09-10,7.9510000000000005,8.31,7.94,8.31,64875.0,0.0,1.0,5.96325,6.2325,5.955,6.2325,86500.0
2003-09-09,7.95,8.09,7.95,7.95,22050.0,0.0,1.0,5.9625,6.0675,5.9625,5.9625,29400.0
2003-09-08,8.061,8.061,8.0,8.03,9450.0,0.0,1.0,6.04575,6.04575,6.0,6.022499999999999,12600.0
2003-09-05,7.95,8.238999999999999,7.95,8.238999999999999,13275.0,0.0,1.0,5.9625,6.1792500000000015,5.9625,6.1792500000000015,17700.0
2003-09-04,8.1,8.15,7.95,7.95,11550.0,0.0,1.0,6.074999999999998,6.112500000000002,5.9625,5.9625,15400.0
2003-09-03,8.051,8.11,7.851,8.09,19800.0,0.0,1.0,6.03825,6.0825,5.88825,6.0675,26400.0
2003-09-02,8.0,8.08,7.96,8.03,4575.0,0.0,1.0,6.0,6.0600000000000005,5.97,6.022499999999999,6100.0
2003-08-29,7.95,8.09,7.95,8.04,8775.0,0.0,1.0,5.9625,6.0675,5.9625,6.0299999999999985,11700.0
2003-08-28,7.98,8.2,7.68,8.0,25050.0,0.0,1.0,5.985,6.15,5.76,6.0,33400.0
2003-08-27,8.12,8.12,7.9910000000000005,8.05,21075.0,0.0,1.0,6.09,6.09,5.99325,6.0375000000000005,28100.0
2003-08-26,8.2,8.29,8.151,8.2,146775.0,0.0,1.0,6.15,6.2174999999999985,6.11325,6.15,195700.0
2003-08-25,8.29,8.29,8.2,8.2,55950.0,0.0,1.0,6.2174999999999985,6.2174999999999985,6.15,6.15,74600.0
2003-08-22,8.3,8.3,8.2,8.2,24600.0,0.0,1.0,6.2250000000000005,6.2250000000000005,6.15,6.15,32800.0
2003-08-21,8.21,8.3,8.2,8.2,12975.0,0.0,1.0,6.1575000000000015,6.2250000000000005,6.15,6.15,17300.0
2003-08-20,8.2,8.234,8.15,8.2,50475.0,0.0,1.0,6.15,6.1755,6.112500000000002,6.15,67300.0
2003-08-19,8.1,8.35,8.1,8.29,33900.0,0.0,1.0,6.074999999999998,6.262499999999998,6.074999999999998,6.2174999999999985,45200.0
2003-08-18,8.25,8.34,8.08,8.34,27900.0,0.0,1.0,6.1875,6.255,6.0600000000000005,6.255,37200.0
2003-08-15,8.08,8.15,8.08,8.15,15375.0,0.0,1.0,6.0600000000000005,6.112500000000002,6.0600000000000005,6.112500000000002,20500.0
2003-08-14,8.12,8.25,8.07,8.1,75450.0,0.0,1.0,6.09,6.1875,6.0525,6.074999999999998,100600.0
2003-08-13,8.14,8.3,8.0,8.1,106875.0,0.0,1.0,6.105,6.2250000000000005,6.0,6.074999999999998,142500.0
2003-08-12,7.65,8.2,7.64,8.1,268950.0,0.0,1.0,5.737500000000002,6.15,5.73,6.074999999999998,358600.0
2003-08-11,7.29,7.48,7.11,7.42,78300.0,0.0,1.0,5.4675,5.61,5.3325000000000005,5.565,104400.0
2003-08-08,7.15,7.29,7.05,7.19,45750.0,0.0,1.0,5.362500000000002,5.4675,5.2875,5.3925,61000.0
2003-08-07,7.0,7.6,6.85,7.3,104850.0,0.0,1.0,5.25,5.699999999999998,5.137499999999998,5.475,139800.0
2003-08-06,6.95,7.05,6.75,6.971,29700.0,0.0,1.0,5.2125,5.2875,5.0625,5.22825,39600.0
2003-08-05,6.5,7.0,6.5,6.9,316650.0,0.0,1.0,4.875,5.25,4.875,5.175000000000002,422200.0
2003-08-04,6.74,6.85,6.7,6.76,27000.0,0.0,1.0,5.055,5.137499999999998,5.025,5.07,36000.0
2003-08-01,6.68,6.78,6.68,6.7410000000000005,3675.0,0.0,1.0,5.01,5.085,5.01,5.05575,4900.0
2003-07-31,6.7,6.79,6.7,6.79,9150.0,0.0,1.0,5.025,5.0925,5.025,5.0925,12200.0
2003-07-30,6.5,6.85,6.5,6.681,36975.0,0.0,1.0,4.875,5.137499999999998,4.875,5.01075,49300.0
2003-07-29,6.38,6.5,6.38,6.5,38700.0,0.0,1.0,4.785,4.875,4.785,4.875,51600.0
2003-07-28,6.35,6.44,6.35,6.38,13200.0,0.0,1.0,4.762499999999998,4.83,4.762499999999998,4.785,17600.0
2003-07-25,6.35,6.4,6.35,6.35,16800.0,0.0,1.0,4.762499999999998,4.800000000000002,4.762499999999998,4.762499999999998,22400.0
2003-07-24,6.321000000000001,6.57,6.321000000000001,6.497999999999999,16500.0,0.0,1.0,4.74075,4.9275,4.74075,4.8735,22000.0
2003-07-23,6.36,6.36,6.16,6.357,13350.0,0.0,1.0,4.7700000000000005,4.7700000000000005,4.62,4.76775,17800.0
2003-07-22,6.3,6.3,6.15,6.15,1650.0,0.0,1.0,4.725,4.725,4.612500000000002,4.612500000000002,2200.0
2003-07-21,6.16,6.3,6.16,6.3,14850.0,0.0,1.0,4.62,4.725,4.62,4.725,19800.0
2003-07-18,6.42,6.42,6.17,6.18,975.0,0.0,1.0,4.815,4.815,4.6275,4.635,1300.0
2003-07-17,6.48,6.48,6.17,6.48,5700.0,0.0,1.0,4.86,4.86,4.6275,4.86,7600.0
2003-07-16,6.15,6.5,6.15,6.48,9000.0,0.0,1.0,4.612500000000002,4.875,4.612500000000002,4.86,12000.0
2003-07-15,6.32,6.49,6.27,6.34,8475.0,0.0,1.0,4.74,4.8675,4.7025,4.755,11300.0
2003-07-14,6.35,6.4,6.05,6.4,7500.0,0.0,1.0,4.762499999999998,4.800000000000002,4.5375,4.800000000000002,10000.0
2003-07-11,6.16,6.34,6.05,6.15,7650.0,0.0,1.0,4.62,4.755,4.5375,4.612500000000002,10200.0
2003-07-10,6.04,6.3,6.04,6.16,1950.0,0.0,1.0,4.53,4.725,4.53,4.62,2600.0
2003-07-09,6.34,6.34,6.05,6.3,9600.0,0.0,1.0,4.755,4.755,4.5375,4.725,12800.0
2003-07-08,6.05,6.34,6.05,6.34,2475.0,0.0,1.0,4.5375,4.755,4.5375,4.755,3300.0
2003-07-07,6.26,6.39,6.22,6.369,10875.0,0.0,1.0,4.695,4.7925,4.665,4.77675,14500.0
2003-07-03,6.2,6.28,6.15,6.26,10050.0,0.0,1.0,4.65,4.71,4.612500000000002,4.695,13400.0
2003-07-02,6.0,6.15,5.9,6.15,19950.0,0.0,1.0,4.5,4.612500000000002,4.425000000000002,4.612500000000002,26600.0
2003-07-01,5.71,6.0,5.46,6.0,11550.0,0.0,1.0,4.2825,4.5,4.095,4.5,15400.0
2003-06-30,5.51,5.65,5.5,5.65,6000.0,0.0,1.0,4.1325,4.237500000000002,4.125,4.237500000000002,8000.0
2003-06-27,5.45,5.64,5.35,5.59,10800.0,0.0,1.0,4.0875,4.23,4.012499999999998,4.1925,14400.0
2003-06-26,5.55,5.65,5.3,5.37,26850.0,0.0,1.0,4.1625,4.237500000000002,3.975,4.0275,35800.0
2003-06-25,5.55,5.56,5.5,5.56,4950.0,0.0,1.0,4.1625,4.17,4.125,4.17,6600.0
2003-06-24,5.531000000000001,5.64,5.531000000000001,5.55,2175.0,0.0,1.0,4.14825,4.23,4.14825,4.1625,2900.0
2003-06-23,5.5,5.59,5.5,5.551,975.0,0.0,1.0,4.125,4.1925,4.125,4.16325,1300.0
2003-06-20,5.51,5.6,5.51,5.59,750.0,0.0,1.0,4.1325,4.199999999999998,4.1325,4.1925,1000.0
2003-06-19,5.9,5.9,5.5,5.5,2100.0,0.0,1.0,4.425000000000002,4.425000000000002,4.125,4.125,2800.0
2003-06-18,5.681,5.7,5.53,5.6,14100.0,0.0,1.0,4.26075,4.275,4.1475,4.199999999999998,18800.0
2003-06-17,5.7,5.9,5.69,5.69,4350.0,0.0,1.0,4.275,4.425000000000002,4.2675,4.2675,5800.0
2003-06-16,5.765,5.765,5.7,5.7,2250.0,0.0,1.0,4.32375,4.32375,4.275,4.275,3000.0
2003-06-13,5.89,5.9,5.8,5.8,5850.0,0.0,1.0,4.4175,4.425000000000002,4.35,4.35,7800.0
2003-06-12,5.71,5.801,5.71,5.8,1800.0,0.0,1.0,4.2825,4.35075,4.2825,4.35,2400.0
2003-06-11,5.75,5.9,5.6,5.6,7050.0,0.0,1.0,4.3125,4.425000000000002,4.199999999999998,4.199999999999998,9400.0
2003-06-10,5.761,5.761,5.62,5.68,5475.0,0.0,1.0,4.32075,4.32075,4.215,4.26,7300.0
2003-06-09,5.827999999999999,5.84,5.77,5.77,975.0,0.0,1.0,4.371,4.38,4.3275,4.3275,1300.0
2003-06-06,5.67,5.78,5.66,5.78,8850.0,0.0,1.0,4.2525,4.335,4.245,4.335,11800.0
2003-06-05,5.7,5.7,5.66,5.69,4650.0,0.0,1.0,4.275,4.275,4.245,4.2675,6200.0
2003-06-04,5.71,5.72,5.7,5.7,7275.0,0.0,1.0,4.2825,4.29,4.275,4.275,9700.0
2003-06-03,5.711,5.711,5.7,5.7,1350.0,0.0,1.0,4.283250000000002,4.283250000000002,4.275,4.275,1800.0
2003-06-02,5.79,5.98,5.66,5.83,9600.0,0.0,1.0,4.3425,4.485,4.245,4.3725000000000005,12800.0
2003-05-30,5.8,5.8,5.66,5.789,2250.0,0.0,1.0,4.35,4.35,4.245,4.341749999999998,3000.0
2003-05-29,5.67,6.1,5.67,5.75,19050.0,0.0,1.0,4.2525,4.574999999999998,4.2525,4.3125,25400.0
2003-05-28,5.67,5.671,5.67,5.671,975.0,0.0,1.0,4.2525,4.25325,4.2525,4.25325,1300.0
2003-05-27,5.42,5.78,5.42,5.66,7575.0,0.0,1.0,4.065,4.335,4.065,4.245,10100.0
2003-05-23,5.501,5.9,5.5,5.58,10200.0,0.0,1.0,4.12575,4.425000000000002,4.125,4.1850000000000005,13600.0
2003-05-22,5.39,5.59,5.39,5.57,7200.0,0.0,1.0,4.0425,4.1925,4.0425,4.1775,9600.0
2003-05-21,5.71,5.89,5.3,5.5,13575.0,0.0,1.0,4.2825,4.4175,3.975,4.125,18100.0
2003-05-20,5.81,5.811,5.7,5.7,5700.0,0.0,1.0,4.3575,4.35825,4.275,4.275,7600.0
2003-05-19,5.99,5.99,5.85,5.85,6600.0,0.0,1.0,4.4925,4.4925,4.387499999999998,4.387499999999998,8800.0
2003-05-16,5.8,5.85,5.79,5.85,16200.0,0.0,1.0,4.35,4.387499999999998,4.3425,4.387499999999998,21600.0
2003-05-15,5.78,5.8,5.77,5.8,4500.0,0.0,1.0,4.335,4.35,4.3275,4.35,6000.0
2003-05-14,5.75,5.88,5.61,5.751,6375.0,0.0,1.0,4.3125,4.41,4.2075000000000005,4.31325,8500.0
2003-05-13,5.93,6.149,5.62,5.75,32400.0,0.0,1.0,4.4475,4.61175,4.215,4.3125,43200.0
2003-05-12,5.56,7.01,5.541,5.93,57900.0,0.0,1.0,4.17,5.2575,4.15575,4.4475,77200.0
2003-05-09,5.31,5.56,5.16,5.52,177675.0,0.0,1.0,3.9825,4.17,3.87,4.14,236900.0
2003-05-08,5.35,5.55,5.03,5.37,105900.0,0.0,1.0,4.012499999999998,4.1625,3.7725,4.0275,141200.0
2003-05-07,5.22,5.77,5.17,5.4,21000.0,0.0,1.0,3.915,4.3275,3.8775,4.050000000000002,28000.0
2003-05-06,5.22,5.27,5.03,5.18,32250.0,0.0,1.0,3.915,3.9525,3.7725,3.885,43000.0
2003-05-05,5.17,5.33,5.07,5.3,8850.0,0.0,1.0,3.8775,3.9975,3.8025,3.975,11800.0
2003-05-02,5.2,5.2,5.12,5.15,10200.0,0.0,1.0,3.9,3.9,3.84,3.8625,13600.0
2003-05-01,5.05,5.09,5.05,5.09,1950.0,0.0,1.0,3.7875,3.8175,3.7875,3.8175,2600.0
2003-04-30,5.07,5.1,5.06,5.06,3075.0,0.0,1.0,3.8025,3.825,3.795,3.795,4100.0
2003-04-29,5.11,5.11,5.04,5.1,9975.0,0.0,1.0,3.832500000000001,3.832500000000001,3.78,3.825,13300.0
2003-04-28,4.99,5.11,4.98,5.11,3300.0,0.0,1.0,3.7425,3.832500000000001,3.735,3.832500000000001,4400.0
2003-04-25,4.93,5.02,4.93,5.02,8775.0,0.0,1.0,3.6975,3.765,3.6975,3.765,11700.0
2003-04-24,4.99,4.99,4.93,4.93,675.0,0.0,1.0,3.7425,3.7425,3.6975,3.6975,900.0
2003-04-23,4.99,5.02,4.99,4.99,1950.0,0.0,1.0,3.7425,3.765,3.7425,3.7425,2600.0
2003-04-22,4.95,5.05,4.95,5.03,6450.0,0.0,1.0,3.7125,3.7875,3.7125,3.7725,8600.0
2003-04-21,5.02,5.02,4.9,5.0,4950.0,0.0,1.0,3.765,3.765,3.675,3.75,6600.0
2003-04-17,4.96,4.97,4.96,4.96,6150.0,0.0,1.0,3.72,3.7275,3.72,3.72,8200.0
2003-04-16,5.0,5.0,4.96,5.0,20400.0,0.0,1.0,3.75,3.75,3.72,3.75,27200.0
2003-04-15,4.86,4.98,4.82,4.98,14250.0,0.0,1.0,3.645000000000001,3.735,3.615,3.735,19000.0
2003-04-14,4.909,4.99,4.8,4.95,24750.0,0.0,1.0,3.68175,3.7425,3.6,3.7125,33000.0
2003-04-11,4.9,4.96,4.76,4.9,95850.0,0.0,1.0,3.675,3.72,3.57,3.675,127800.0
2003-04-10,4.76,4.94,4.71,4.89,22500.0,0.0,1.0,3.57,3.705,3.5325,3.6675,30000.0
2003-04-09,4.62,4.8,4.62,4.8,5700.0,0.0,1.0,3.465,3.6,3.465,3.6,7600.0
2003-04-08,4.651,4.6610000000000005,4.63,4.65,13200.0,0.0,1.0,3.48825,3.49575,3.4725,3.4875000000000003,17600.0
2003-04-07,4.58,4.591,4.55,4.551,1050.0,0.0,1.0,3.435,3.44325,3.4125,3.41325,1400.0
2003-04-04,4.75,4.8,4.641,4.641,3150.0,0.0,1.0,3.5625,3.6,3.48075,3.48075,4200.0
2003-04-03,4.62,4.85,4.48,4.74,81150.0,0.0,1.0,3.465,3.6375,3.3600000000000003,3.555,108200.0
2003-04-02,4.67,4.69,4.62,4.62,3150.0,0.0,1.0,3.5025,3.5175,3.465,3.465,4200.0
2003-04-01,4.62,4.64,4.5,4.51,13350.0,0.0,1.0,3.465,3.4799999999999995,3.375,3.3825,17800.0
2003-03-31,4.9,4.9,4.55,4.58,11175.0,0.0,1.0,3.675,3.675,3.4125,3.435,14900.0
2003-03-28,4.9,4.93,4.82,4.93,7875.0,0.0,1.0,3.675,3.6975,3.615,3.6975,10500.0
2003-03-27,4.7,4.86,4.7,4.78,1800.0,0.0,1.0,3.5250000000000004,3.645000000000001,3.5250000000000004,3.585,2400.0
2003-03-26,5.05,5.05,4.67,4.76,45750.0,0.0,1.0,3.7875,3.7875,3.5025,3.57,61000.0
2003-03-25,4.94,5.13,4.4,4.811,27600.0,0.0,1.0,3.705,3.8475,3.3000000000000003,3.60825,36800.0
2003-03-24,4.34,4.43,4.34,4.43,5775.0,0.0,1.0,3.255,3.3225,3.255,3.3225,7700.0
2003-03-21,4.47,4.6,4.25,4.4,6750.0,0.0,1.0,3.3525,3.45,3.1875,3.3000000000000003,9000.0
2003-03-20,4.45,4.5,4.2,4.49,11475.0,0.0,1.0,3.3375000000000004,3.375,3.1500000000000004,3.3675,15300.0
2003-03-19,4.48,4.5,4.45,4.5,15375.0,0.0,1.0,3.3600000000000003,3.375,3.3375000000000004,3.375,20500.0
2003-03-18,4.53,4.53,4.43,4.45,4575.0,0.0,1.0,3.3975,3.3975,3.3225,3.3375000000000004,6100.0
2003-03-17,4.71,4.72,4.53,4.59,6675.0,0.0,1.0,3.5325,3.54,3.3975,3.4425,8900.0
2003-03-14,4.9,4.9,4.73,4.75,2475.0,0.0,1.0,3.675,3.675,3.5475000000000003,3.5625,3300.0
2003-03-13,4.39,5.0,4.349,4.873,36600.0,0.0,1.0,3.2924999999999995,3.75,3.26175,3.65475,48800.0
2003-03-12,4.15,4.3,4.15,4.3,3300.0,0.0,1.0,3.1125000000000003,3.225,3.1125000000000003,3.225,4400.0
2003-03-11,4.27,4.409,4.1,4.251,15900.0,0.0,1.0,3.2025,3.30675,3.075,3.18825,21200.0
2003-03-10,4.27,4.37,4.15,4.36,9450.0,0.0,1.0,3.2025,3.2775,3.1125000000000003,3.2700000000000005,12600.0
2003-03-07,4.38,4.38,4.11,4.36,29700.0,0.0,1.0,3.285,3.285,3.0825000000000005,3.2700000000000005,39600.0
2003-03-06,4.45,4.5,4.18,4.4,5700.0,0.0,1.0,3.3375000000000004,3.375,3.135,3.3000000000000003,7600.0
2003-03-05,4.4,4.58,4.4,4.58,4875.0,0.0,1.0,3.3000000000000003,3.435,3.3000000000000003,3.435,6500.0
2003-03-04,4.51,4.55,4.25,4.55,21975.0,0.0,1.0,3.3825,3.4125,3.1875,3.4125,29300.0
2003-03-03,4.71,4.71,4.21,4.57,39000.0,0.0,1.0,3.5325,3.5325,3.1575,3.4275,52000.0
2003-02-28,4.85,4.85,4.65,4.72,4050.0,0.0,1.0,3.6375,3.6375,3.4875000000000003,3.54,5400.0
2003-02-27,4.9,4.9,4.83,4.89,375.0,0.0,1.0,3.675,3.675,3.6225,3.6675,500.0
2003-02-26,4.81,4.96,4.13,4.91,8400.0,0.0,1.0,3.6075,3.72,3.0975,3.6825,11200.0
2003-02-25,4.73,4.89,4.65,4.89,6375.0,0.0,1.0,3.5475000000000003,3.6675,3.4875000000000003,3.6675,8500.0
2003-02-24,4.94,4.94,4.72,4.82,6000.0,0.0,1.0,3.705,3.705,3.54,3.615,8000.0
2003-02-21,4.55,4.75,4.51,4.75,5250.0,0.0,1.0,3.4125,3.5625,3.3825,3.5625,7000.0
2003-02-20,4.28,4.59,4.28,4.59,5475.0,0.0,1.0,3.21,3.4425,3.21,3.4425,7300.0
2003-02-19,4.34,4.4,4.32,4.32,1350.0,0.0,1.0,3.255,3.3000000000000003,3.24,3.24,1800.0
2003-02-18,4.54,4.54,4.27,4.4,4575.0,0.0,1.0,3.405,3.405,3.2025,3.3000000000000003,6100.0
2003-02-14,4.45,4.5,4.1,4.3389999999999995,41250.0,0.0,1.0,3.3375000000000004,3.375,3.075,3.2542500000000003,55000.0
2003-02-13,4.51,4.51,4.4,4.51,7875.0,0.0,1.0,3.3825,3.3825,3.3000000000000003,3.3825,10500.0
2003-02-12,4.85,4.99,4.5,4.7,13950.0,0.0,1.0,3.6375,3.7425,3.375,3.5250000000000004,18600.0
2003-02-11,4.81,4.94,4.75,4.75,5250.0,0.0,1.0,3.6075,3.705,3.5625,3.5625,7000.0
2003-02-10,4.61,5.19,4.61,4.9,9375.0,0.0,1.0,3.4575000000000005,3.8925,3.4575000000000005,3.675,12500.0
2003-02-07,4.68,4.691,4.55,4.68,7875.0,0.0,1.0,3.51,3.51825,3.4125,3.51,10500.0
2003-02-06,4.57,4.7,4.57,4.63,3150.0,0.0,1.0,3.4275,3.5250000000000004,3.4275,3.4725,4200.0
2003-02-05,4.7,4.859,4.45,4.859,5175.0,0.0,1.0,3.5250000000000004,3.64425,3.3375000000000004,3.64425,6900.0
2003-02-04,4.39,5.53,4.26,4.7,31650.0,0.0,1.0,3.2924999999999995,4.1475,3.195,3.5250000000000004,42200.0
2003-02-03,4.68,4.68,4.37,4.42,15675.0,0.0,1.0,3.51,3.51,3.2775,3.315,20900.0
2003-01-31,4.66,4.76,4.5,4.7,14250.0,0.0,1.0,3.495,3.57,3.375,3.5250000000000004,19000.0
2003-01-30,4.75,5.13,4.59,4.76,8475.0,0.0,1.0,3.5625,3.8475,3.4425,3.57,11300.0
2003-01-29,4.88,5.0,4.61,4.61,14400.0,0.0,1.0,3.66,3.75,3.4575000000000005,3.4575000000000005,19200.0
2003-01-28,4.88,5.0,4.61,4.61,13050.0,0.0,1.0,3.66,3.75,3.4575000000000005,3.4575000000000005,17400.0
2003-01-27,4.88,4.88,4.65,4.65,9300.0,0.0,1.0,3.66,3.66,3.4875000000000003,3.4875000000000003,12400.0
2003-01-24,4.92,4.97,4.45,4.8,13200.0,0.0,1.0,3.69,3.7275,3.3375000000000004,3.6,17600.0
2003-01-23,4.83,4.94,4.7,4.94,16650.0,0.0,1.0,3.6225,3.705,3.5250000000000004,3.705,22200.0
2003-01-22,5.0,5.0,4.75,4.99,12075.0,0.0,1.0,3.75,3.75,3.5625,3.7425,16100.0
2003-01-21,5.229,5.229,4.6,4.98,62175.0,0.0,1.0,3.92175,3.92175,3.45,3.735,82900.0
2003-01-17,5.4,5.5,5.14,5.2,11250.0,0.0,1.0,4.050000000000002,4.125,3.855,3.9,15000.0
2003-01-16,5.41,5.45,5.4,5.4,6600.0,0.0,1.0,4.0575,4.0875,4.050000000000002,4.050000000000002,8800.0
2003-01-15,5.49,5.51,5.35,5.4,4200.0,0.0,1.0,4.1175,4.1325,4.012499999999998,4.050000000000002,5600.0
2003-01-14,5.45,5.5,5.36,5.46,31950.0,0.0,1.0,4.0875,4.125,4.0200000000000005,4.095,42600.0
2003-01-13,5.49,5.5,5.3,5.5,14850.0,0.0,1.0,4.1175,4.125,3.975,4.125,19800.0
2003-01-10,5.64,5.64,5.28,5.5,4800.0,0.0,1.0,4.23,4.23,3.96,4.125,6400.0
2003-01-09,5.48,5.65,5.48,5.65,19800.0,0.0,1.0,4.11,4.237500000000002,4.11,4.237500000000002,26400.0
2003-01-08,5.5,5.5,5.29,5.5,6675.0,0.0,1.0,4.125,4.125,3.9675,4.125,8900.0
2003-01-07,5.99,5.99,5.5,5.5,10500.0,0.0,1.0,4.4925,4.4925,4.125,4.125,14000.0
2003-01-06,5.57,6.001,5.44,5.718999999999999,34500.0,0.0,1.0,4.1775,4.50075,4.08,4.28925,46000.0
2003-01-03,5.39,5.71,5.39,5.61,5250.0,0.0,1.0,4.0425,4.2825,4.0425,4.2075000000000005,7000.0
2003-01-02,5.961,5.961,5.29,5.4,32250.0,0.0,1.0,4.470750000000002,4.470750000000002,3.9675,4.050000000000002,43000.0
2002-12-31,5.83,6.04,5.83,6.04,15600.0,0.0,1.0,4.3725000000000005,4.53,4.3725000000000005,4.53,20800.0
2002-12-30,5.96,6.0,5.6,5.7989999999999995,52950.0,0.0,1.0,4.47,4.5,4.199999999999998,4.3492500000000005,70600.0
2002-12-27,5.13,5.1610000000000005,5.13,5.1610000000000005,6075.0,0.0,1.0,3.8475,3.87075,3.8475,3.87075,8100.0
2002-12-26,4.89,5.03,4.89,5.03,20175.0,0.0,1.0,3.6675,3.7725,3.6675,3.7725,26900.0
2002-12-24,4.72,4.95,4.71,4.95,26400.0,0.0,1.0,3.54,3.7125,3.5325,3.7125,35200.0
2002-12-23,5.0,5.0,4.77,4.81,25050.0,0.0,1.0,3.75,3.75,3.5775,3.6075,33400.0
2002-12-20,4.81,5.42,4.81,5.02,77175.0,0.0,1.0,3.6075,4.065,3.6075,3.765,102900.0
2002-12-19,5.0,5.01,4.78,4.81,21150.0,0.0,1.0,3.75,3.7575,3.585,3.6075,28200.0
2002-12-18,4.99,5.0,4.94,4.98,2400.0,0.0,1.0,3.7425,3.75,3.705,3.735,3200.0
2002-12-17,5.07,5.14,4.92,4.92,13350.0,0.0,1.0,3.8025,3.855,3.69,3.69,17800.0
2002-12-16,5.08,5.119,5.01,5.03,1800.0,0.0,1.0,3.81,3.83925,3.7575,3.7725,2400.0
2002-12-13,5.22,5.22,5.07,5.13,19650.0,0.0,1.0,3.915,3.915,3.8025,3.8475,26200.0
2002-12-12,5.36,5.5,5.0,5.23,24375.0,0.0,1.0,4.0200000000000005,4.125,3.75,3.9225,32500.0
2002-12-11,4.93,5.07,4.92,5.02,6300.0,0.0,1.0,3.6975,3.8025,3.69,3.765,8400.0
2002-12-10,4.96,5.13,4.92,4.99,4950.0,0.0,1.0,3.72,3.8475,3.69,3.7425,6600.0
2002-12-09,5.11,5.2,4.8,5.05,21375.0,0.0,1.0,3.832500000000001,3.9,3.6,3.7875,28500.0
2002-12-06,5.34,5.34,4.98,5.15,34350.0,0.0,1.0,4.005,4.005,3.735,3.8625,45800.0
2002-12-05,5.44,5.44,5.34,5.34,2700.0,0.0,1.0,4.08,4.08,4.005,4.005,3600.0
2002-12-04,5.52,5.56,5.44,5.48,6375.0,0.0,1.0,4.14,4.17,4.08,4.11,8500.0
2002-12-03,5.39,5.5,5.39,5.44,8175.0,0.0,1.0,4.0425,4.125,4.0425,4.08,10900.0
2002-12-02,5.155,5.45,5.149,5.38,15300.0,0.0,1.0,3.86625,4.0875,3.86175,4.035,20400.0
2002-11-29,5.14,5.14,5.09,5.14,4350.0,0.0,1.0,3.855,3.855,3.8175,3.855,5800.0
2002-11-27,4.84,5.12,4.837,5.05,46200.0,0.0,1.0,3.63,3.84,3.62775,3.7875,61600.0
2002-11-26,4.58,4.84,4.5,4.8,32550.0,0.0,1.0,3.435,3.63,3.375,3.6,43400.0
2002-11-25,4.49,4.57,4.4,4.55,16950.0,0.0,1.0,3.3675,3.4275,3.3000000000000003,3.4125,22600.0
2002-11-22,4.55,4.55,4.4,4.5,10650.0,0.0,1.0,3.4125,3.4125,3.3000000000000003,3.375,14200.0
2002-11-21,4.55,4.66,4.43,4.51,35175.0,0.0,1.0,3.4125,3.495,3.3225,3.3825,46900.0
2002-11-20,4.51,4.66,4.45,4.551,20175.0,0.0,1.0,3.3825,3.495,3.3375000000000004,3.41325,26900.0
2002-11-19,4.68,4.68,4.4,4.66,26700.0,0.0,1.0,3.51,3.51,3.3000000000000003,3.495,35600.0
2002-11-18,4.69,4.69,4.6,4.62,7350.0,0.0,1.0,3.5175,3.5175,3.45,3.465,9800.0
2002-11-15,4.65,4.66,4.55,4.62,25050.0,0.0,1.0,3.4875000000000003,3.495,3.4125,3.465,33400.0
2002-11-14,4.75,4.9,4.46,4.7,25050.0,0.0,1.0,3.5625,3.675,3.345,3.5250000000000004,33400.0
2002-11-13,4.47,5.05,4.4,4.88,26775.0,0.0,1.0,3.3525,3.7875,3.3000000000000003,3.66,35700.0
2002-11-12,4.69,4.93,4.35,4.4,125775.0,0.0,1.0,3.5175,3.6975,3.2625,3.3000000000000003,167700.0
2002-11-11,4.94,5.12,4.45,4.5,348675.0,0.0,1.0,3.705,3.84,3.3375000000000004,3.375,464900.0
2002-11-08,4.7,4.91,4.53,4.91,16650.0,0.0,1.0,3.5250000000000004,3.6825,3.3975,3.6825,22200.0
2002-11-07,5.04,5.04,4.63,4.7,24600.0,0.0,1.0,3.78,3.78,3.4725,3.5250000000000004,32800.0
2002-11-06,4.71,5.1,4.7,5.03,31950.0,0.0,1.0,3.5325,3.825,3.5250000000000004,3.7725,42600.0
2002-11-05,5.09,5.09,4.7,4.7,10575.0,0.0,1.0,3.8175,3.8175,3.5250000000000004,3.5250000000000004,14100.0
2002-11-04,5.12,5.32,4.85,4.9,37800.0,0.0,1.0,3.84,3.99,3.6375,3.675,50400.0
2002-11-01,5.08,5.1,4.99,4.99,69975.0,0.0,1.0,3.81,3.825,3.7425,3.7425,93300.0
2002-10-31,5.2,5.3,4.97,5.08,50700.0,0.0,1.0,3.9,3.975,3.7275,3.81,67600.0
2002-10-30,5.27,5.275,5.2,5.2,11400.0,0.0,1.0,3.9525,3.95625,3.9,3.9,15200.0
2002-10-29,5.39,5.4,5.15,5.23,38400.0,0.0,1.0,4.0425,4.050000000000002,3.8625,3.9225,51200.0
2002-10-28,5.79,5.85,5.27,5.39,35175.0,0.0,1.0,4.3425,4.387499999999998,3.9525,4.0425,46900.0
2002-10-25,5.9,5.99,5.76,5.83,6075.0,0.0,1.0,4.425000000000002,4.4925,4.32,4.3725000000000005,8100.0
2002-10-24,5.999,6.03,5.95,5.99,28575.0,0.0,1.0,4.49925,4.5225,4.4625,4.4925,38100.0
2002-10-23,5.75,6.07,5.74,6.04,22500.0,0.0,1.0,4.3125,4.5525,4.305,4.53,30000.0
2002-10-22,5.9,6.07,5.7,6.07,62400.0,0.0,1.0,4.425000000000002,4.5525,4.275,4.5525,83200.0
2002-10-21,6.53,6.53,5.4,5.94,218850.0,0.0,1.0,4.8975,4.8975,4.050000000000002,4.455,291800.0
2002-10-18,6.81,7.01,6.81,7.01,300.0,0.0,1.0,5.1075,5.2575,5.1075,5.2575,400.0
2002-10-17,6.901,7.08,6.85,6.85,6750.0,0.0,1.0,5.17575,5.3100000000000005,5.137499999999998,5.137499999999998,9000.0
2002-10-16,6.78,7.09,6.75,6.9,11250.0,0.0,1.0,5.085,5.3175,5.0625,5.175000000000002,15000.0
2002-10-15,7.14,7.14,7.0,7.0,3975.0,0.0,1.0,5.355,5.355,5.25,5.25,5300.0
2002-10-14,6.99,7.08,6.84,7.08,30150.0,0.0,1.0,5.2425,5.3100000000000005,5.13,5.3100000000000005,40200.0
2002-10-11,6.95,7.13,6.85,7.02,83250.0,0.0,1.0,5.2125,5.3475,5.137499999999998,5.265,111000.0
2002-10-10,7.111000000000001,7.111000000000001,6.9,7.0,63375.0,0.0,1.0,5.33325,5.33325,5.175000000000002,5.25,84500.0
2002-10-09,7.21,7.21,7.05,7.2,31275.0,0.0,1.0,5.4075,5.4075,5.2875,5.4,41700.0
2002-10-08,7.22,7.3,7.18,7.25,8700.0,0.0,1.0,5.415,5.475,5.385,5.4375,11600.0
2002-10-07,7.3,7.35,7.2,7.35,12600.0,0.0,1.0,5.475,5.512499999999998,5.4,5.512499999999998,16800.0
2002-10-04,7.13,7.25,7.011,7.25,5175.0,0.0,1.0,5.3475,5.4375,5.25825,5.4375,6900.0
2002-10-03,7.24,7.24,7.24,7.24,0.0,0.0,1.0,5.43,5.43,5.43,5.43,0.0
2002-10-02,7.06,7.24,7.0,7.24,3900.0,0.0,1.0,5.295,5.43,5.25,5.43,5200.0
2002-10-01,7.0,7.3,6.95,7.3,4050.0,0.0,1.0,5.25,5.475,5.2125,5.475,5400.0
2002-09-30,7.0,7.3,6.99,7.23,8775.0,0.0,1.0,5.25,5.475,5.2425,5.4225,11700.0
2002-09-27,7.3,7.3,6.98,7.25,34950.0,0.0,1.0,5.475,5.475,5.235,5.4375,46600.0
2002-09-26,7.1,7.26,6.9,7.1,151500.0,0.0,1.0,5.324999999999998,5.445,5.175000000000002,5.324999999999998,202000.0
2002-09-25,7.04,7.2,7.04,7.18,20100.0,0.0,1.0,5.28,5.4,5.28,5.385,26800.0
2002-09-24,7.05,7.3,7.05,7.3,3300.0,0.0,1.0,5.2875,5.475,5.2875,5.475,4400.0
2002-09-23,7.35,7.6,6.9,7.35,10875.0,0.0,1.0,5.512499999999998,5.699999999999998,5.175000000000002,5.512499999999998,14500.0
2002-09-20,7.15,8.0,7.15,7.45,5475.0,0.0,1.0,5.362500000000002,6.0,5.362500000000002,5.5875,7300.0
2002-09-19,7.02,7.33,7.02,7.33,1050.0,0.0,1.0,5.265,5.4975000000000005,5.265,5.4975000000000005,1400.0
2002-09-18,7.251,7.39,7.01,7.33,5775.0,0.0,1.0,5.43825,5.5425,5.2575,5.4975000000000005,7700.0
2002-09-17,7.25,7.31,7.25,7.251,5850.0,0.0,1.0,5.4375,5.4825,5.4375,5.43825,7800.0
2002-09-16,7.31,7.31,6.95,7.24,9450.0,0.0,1.0,5.4825,5.4825,5.2125,5.43,12600.0
2002-09-13,6.95,7.2,6.95,7.2,13575.0,0.0,1.0,5.2125,5.4,5.2125,5.4,18100.0
2002-09-12,6.901,7.03,6.901,6.95,10650.0,0.0,1.0,5.17575,5.2725,5.17575,5.2125,14200.0
2002-09-11,6.9,7.09,6.9,6.95,35250.0,0.0,1.0,5.175000000000002,5.3175,5.175000000000002,5.2125,47000.0
2002-09-10,7.04,7.04,6.93,7.04,8550.0,0.0,1.0,5.28,5.28,5.1975,5.28,11400.0
2002-09-09,7.04,7.05,6.9,7.04,6675.0,0.0,1.0,5.28,5.2875,5.175000000000002,5.28,8900.0
2002-09-06,7.2,7.2,6.989,7.05,25200.0,0.0,1.0,5.4,5.4,5.24175,5.2875,33600.0
2002-09-05,6.96,7.24,6.96,7.23,2175.0,0.0,1.0,5.22,5.43,5.22,5.4225,2900.0
2002-09-04,6.85,7.12,6.85,6.9510000000000005,7050.0,0.0,1.0,5.137499999999998,5.34,5.137499999999998,5.21325,9400.0
2002-09-03,7.0,7.001,6.85,6.9,11700.0,0.0,1.0,5.25,5.25075,5.137499999999998,5.175000000000002,15600.0
2002-08-30,7.1,7.1,7.0,7.0,26175.0,0.0,1.0,5.324999999999998,5.324999999999998,5.25,5.25,34900.0
2002-08-29,7.5,7.5,7.0,7.1,22650.0,0.0,1.0,5.625,5.625,5.25,5.324999999999998,30200.0
2002-08-28,7.59,7.59,7.5,7.5,2700.0,0.0,1.0,5.6925,5.6925,5.625,5.625,3600.0
2002-08-27,7.46,7.65,7.45,7.5,9075.0,0.0,1.0,5.595,5.737500000000002,5.5875,5.625,12100.0
2002-08-26,7.61,7.61,7.45,7.45,9150.0,0.0,1.0,5.7075000000000005,5.7075000000000005,5.5875,5.5875,12200.0
2002-08-23,7.89,8.02,7.39,7.65,52275.0,0.0,1.0,5.9175,6.015,5.5425,5.737500000000002,69700.0
2002-08-22,7.75,7.75,7.19,7.5,15150.0,0.0,1.0,5.8125,5.8125,5.3925,5.625,20200.0
2002-08-21,7.1,7.8,7.1,7.8,23700.0,0.0,1.0,5.324999999999998,5.85,5.324999999999998,5.85,31600.0
2002-08-20,6.8,7.0,6.78,6.95,102075.0,0.0,1.0,5.1,5.25,5.085,5.2125,136100.0
2002-08-19,6.8,7.01,6.8,6.8,30450.0,0.0,1.0,5.1,5.2575,5.1,5.1,40600.0
2002-08-16,7.09,7.12,6.81,7.0,15675.0,0.0,1.0,5.3175,5.34,5.1075,5.25,20900.0
2002-08-15,7.3,7.3,6.8,6.86,91800.0,0.0,1.0,5.475,5.475,5.1,5.1450000000000005,122400.0
2002-08-14,7.0,7.21,7.0,7.15,58050.0,0.0,1.0,5.25,5.4075,5.25,5.362500000000002,77400.0
2002-08-13,7.35,7.35,6.85,7.0,43875.0,0.0,1.0,5.512499999999998,5.512499999999998,5.137499999999998,5.25,58500.0
2002-08-12,7.54,7.54,7.31,7.31,9600.0,0.0,1.0,5.655,5.655,5.4825,5.4825,12800.0
2002-08-09,7.31,7.65,7.25,7.45,46200.0,0.0,1.0,5.4825,5.737500000000002,5.4375,5.5875,61600.0
2002-08-08,9.03,9.03,6.79,7.2,334350.0,0.0,1.0,6.772499999999999,6.772499999999999,5.0925,5.4,445800.0
2002-08-07,9.3,9.32,8.65,9.32,22050.0,0.0,1.0,6.9750000000000005,6.99,6.487500000000002,6.99,29400.0
2002-08-06,8.99,9.25,8.79,9.25,30300.0,0.0,1.0,6.7425,6.9375,6.5924999999999985,6.9375,40400.0
2002-08-05,9.01,9.2,8.12,8.75,24750.0,0.0,1.0,6.7575,6.9,6.09,6.5625,33000.0
2002-08-02,9.82,9.93,8.75,9.05,49800.0,0.0,1.0,7.365,7.4475,6.5625,6.7875000000000005,66400.0
2002-08-01,10.55,10.55,9.8,9.801,8475.0,0.0,1.0,7.9125,7.9125,7.35,7.35075,11300.0
2002-07-31,10.05,10.6,10.0,10.6,27900.0,0.0,1.0,7.5375,7.949999999999998,7.5,7.949999999999998,37200.0
2002-07-30,10.9,10.91,10.3,10.75,25350.0,0.0,1.0,8.175,8.182500000000001,7.725,8.0625,33800.0
2002-07-29,10.0,11.14,10.0,11.0,154875.0,0.0,1.0,7.5,8.355,7.5,8.25,206500.0
2002-07-26,9.5,10.4,9.38,10.0,46950.0,0.0,1.0,7.125,7.800000000000002,7.035,7.5,62600.0
2002-07-25,10.0,10.0,9.58,9.751,34500.0,0.0,1.0,7.5,7.5,7.1850000000000005,7.31325,46000.0
2002-07-24,8.16,10.05,7.91,9.98,158850.0,0.0,1.0,6.12,7.5375,5.9325,7.485,211800.0
2002-07-23,9.29,9.29,7.91,8.6,108750.0,0.0,1.0,6.9674999999999985,6.9674999999999985,5.9325,6.449999999999998,145000.0
2002-07-22,9.86,9.86,9.0,9.02,19800.0,0.0,1.0,7.395,7.395,6.75,6.765,26400.0
2002-07-19,10.17,10.17,9.6,10.0,75375.0,0.0,1.0,7.627499999999999,7.627499999999999,7.199999999999998,7.5,100500.0
2002-07-18,10.5,10.5,9.9,10.25,65250.0,0.0,1.0,7.875,7.875,7.425000000000002,7.6875,87000.0
2002-07-17,11.25,11.25,10.5,10.75,25800.0,0.0,1.0,8.4375,8.4375,7.875,8.0625,34400.0
2002-07-16,11.28,11.29,11.05,11.2,139575.0,0.0,1.0,8.459999999999999,8.4675,8.287500000000001,8.399999999999999,186100.0
2002-07-15,11.53,11.6,11.24,11.25,377475.0,0.0,1.0,8.647499999999999,8.7,8.43,8.4375,503300.0
2002-07-12,11.44,11.65,11.15,11.55,230400.0,0.0,1.0,8.58,8.7375,8.3625,8.662500000000001,307200.0
2002-07-11,11.41,11.46,11.33,11.38,151800.0,0.0,1.0,8.557500000000001,8.595,8.4975,8.535,202400.0
2002-07-10,11.72,11.8,11.4,11.46,216075.0,0.0,1.0,8.790000000000001,8.850000000000003,8.55,8.595,288100.0
2002-07-09,10.98,11.96,10.5,11.7,163275.0,0.0,1.0,8.235,8.97,7.875,8.774999999999999,217700.0
2002-07-08,10.93,11.07,10.84,11.05,99750.0,0.0,1.0,8.1975,8.3025,8.129999999999999,8.287500000000001,133000.0
2002-07-05,10.05,10.9,10.05,10.6,49950.0,0.0,1.0,7.5375,8.175,7.5375,7.949999999999998,66600.0
2002-07-03,9.85,10.34,9.55,10.34,36150.0,0.0,1.0,7.387499999999998,7.755,7.1625000000000005,7.755,48200.0
2002-07-02,9.96,10.0,9.67,9.95,19650.0,0.0,1.0,7.4700000000000015,7.5,7.252499999999999,7.462499999999999,26200.0
2002-07-01,10.5,10.54,9.95,9.95,71475.0,0.0,1.0,7.875,7.9049999999999985,7.462499999999999,7.462499999999999,95300.0
2002-06-28,10.11,10.8,10.1,10.32,92100.0,0.0,1.0,7.5825,8.100000000000001,7.574999999999998,7.74,122800.0
2002-06-27,9.86,10.35,9.5,10.17,52875.0,0.0,1.0,7.395,7.762499999999998,7.125,7.627499999999999,70500.0
2002-06-26,9.75,10.0,9.7,9.99,29175.0,0.0,1.0,7.3125,7.5,7.274999999999999,7.4925,38900.0
2002-06-25,9.9,10.0,9.8,10.0,26475.0,0.0,1.0,7.425000000000002,7.5,7.35,7.5,35300.0
2002-06-24,9.78,10.0,9.6,10.0,60600.0,0.0,1.0,7.334999999999999,7.5,7.199999999999998,7.5,80800.0
2002-06-21,9.73,10.0,9.73,9.75,29100.0,0.0,1.0,7.2975,7.5,7.2975,7.3125,38800.0
2002-06-20,9.23,10.0,9.13,9.8,99900.0,0.0,1.0,6.9225,7.5,6.8475,7.35,133200.0
2002-06-19,9.06,9.23,9.05,9.11,51375.0,0.0,1.0,6.795,6.9225,6.7875000000000005,6.8325,68500.0
2002-06-18,9.0,9.1,8.9,9.1,30075.0,0.0,1.0,6.75,6.824999999999998,6.675000000000002,6.824999999999998,40100.0
2002-06-17,8.9,9.0,8.85,9.0,15600.0,0.0,1.0,6.675000000000002,6.75,6.637499999999998,6.75,20800.0
2002-06-14,9.0,9.09,8.85,8.95,18750.0,0.0,1.0,6.75,6.8175,6.637499999999998,6.7125,25000.0
2002-06-13,8.955,9.05,8.9,9.05,33450.0,0.0,1.0,6.7162500000000005,6.7875000000000005,6.675000000000002,6.7875000000000005,44600.0
2002-06-12,8.85,9.23,8.6,8.99,139650.0,0.0,1.0,6.637499999999998,6.9225,6.449999999999998,6.7425,186200.0
2002-06-11,8.95,8.95,8.75,8.95,19875.0,0.0,1.0,6.7125,6.7125,6.5625,6.7125,26500.0
2002-06-10,8.9,9.0,8.62,8.95,22800.0,0.0,1.0,6.675000000000002,6.75,6.465,6.7125,30400.0
2002-06-07,8.9,9.0,8.75,8.9,49875.0,0.0,1.0,6.675000000000002,6.75,6.5625,6.675000000000002,66500.0
2002-06-06,9.075,9.08,8.93,8.97,33000.0,0.0,1.0,6.80625,6.8100000000000005,6.6975,6.727500000000001,44000.0
2002-06-05,8.95,9.05,8.85,9.05,53250.0,0.0,1.0,6.7125,6.7875000000000005,6.637499999999998,6.7875000000000005,71000.0
2002-06-04,8.89,9.08,8.851,9.0,6900.0,0.0,1.0,6.6675,6.8100000000000005,6.638250000000001,6.75,9200.0
2002-06-03,9.0,9.08,8.9,8.9,19875.0,0.0,1.0,6.75,6.8100000000000005,6.675000000000002,6.675000000000002,26500.0
2002-05-31,8.35,9.05,8.35,9.05,60450.0,0.0,1.0,6.262499999999998,6.7875000000000005,6.262499999999998,6.7875000000000005,80600.0
2002-05-30,8.35,8.74,8.35,8.5,24750.0,0.0,1.0,6.262499999999998,6.555,6.262499999999998,6.375,33000.0
2002-05-29,8.7,8.7,8.4,8.43,28200.0,0.0,1.0,6.525,6.525,6.300000000000002,6.3225,37600.0
2002-05-28,8.7,8.7,8.4,8.6,29775.0,0.0,1.0,6.525,6.525,6.300000000000002,6.449999999999998,39700.0
2002-05-24,8.71,8.72,8.5,8.603,8100.0,0.0,1.0,6.5325000000000015,6.540000000000001,6.375,6.4522499999999985,10800.0
2002-05-23,8.49,8.798,8.488999999999999,8.72,51000.0,0.0,1.0,6.3675,6.5985,6.3667500000000015,6.540000000000001,68000.0
2002-05-22,8.16,8.42,8.1,8.37,72450.0,0.0,1.0,6.12,6.315,6.074999999999998,6.2775,96600.0
2002-05-21,8.61,8.7,7.94,8.3,38250.0,0.0,1.0,6.4575,6.525,5.955,6.2250000000000005,51000.0
2002-05-20,8.5,8.88,8.5,8.8,17700.0,0.0,1.0,6.375,6.66,6.375,6.6000000000000005,23600.0
2002-05-17,8.71,8.88,8.45,8.8,37950.0,0.0,1.0,6.5325000000000015,6.66,6.3375,6.6000000000000005,50600.0
2002-05-16,8.65,9.0,8.65,9.0,12000.0,0.0,1.0,6.487500000000002,6.75,6.487500000000002,6.75,16000.0
2002-05-15,9.0,9.05,9.0,9.0,14850.0,0.0,1.0,6.75,6.7875000000000005,6.75,6.75,19800.0
2002-05-14,9.09,9.33,9.05,9.25,28500.0,0.0,1.0,6.8175,6.9975000000000005,6.7875000000000005,6.9375,38000.0
2002-05-13,8.85,9.06,8.85,8.92,14775.0,0.0,1.0,6.637499999999998,6.795,6.637499999999998,6.69,19700.0
2002-05-10,9.2,9.4,9.121,9.29,29250.0,0.0,1.0,6.9,7.050000000000002,6.84075,6.9674999999999985,39000.0
2002-05-09,9.32,9.4,9.15,9.4,24375.0,0.0,1.0,6.99,7.050000000000002,6.862500000000002,7.050000000000002,32500.0
2002-05-08,9.1,9.35,9.05,9.27,63900.0,0.0,1.0,6.824999999999998,7.012499999999998,6.7875000000000005,6.9525,85200.0
2002-05-07,9.01,9.25,9.0,9.03,47700.0,0.0,1.0,6.7575,6.9375,6.75,6.772499999999999,63600.0
2002-05-06,9.0,9.3,8.96,9.1,85050.0,0.0,1.0,6.75,6.9750000000000005,6.7200000000000015,6.824999999999998,113400.0
2002-05-03,8.06,9.0,8.0,8.75,112500.0,0.0,1.0,6.045,6.75,6.0,6.5625,150000.0
2002-05-02,8.03,8.08,7.94,8.0,18375.0,0.0,1.0,6.022499999999999,6.0600000000000005,5.955,6.0,24500.0
2002-05-01,8.04,8.09,8.01,8.01,26475.0,0.0,1.0,6.0299999999999985,6.0675,6.0075,6.0075,35300.0
2002-04-30,8.07,8.19,8.04,8.05,26250.0,0.0,1.0,6.0525,6.1425,6.0299999999999985,6.0375000000000005,35000.0
2002-04-29,7.95,8.2,7.88,8.0,32850.0,0.0,1.0,5.9625,6.15,5.91,6.0,43800.0
2002-04-26,8.19,8.2,7.96,8.12,6075.0,0.0,1.0,6.1425,6.15,5.97,6.09,8100.0
2002-04-25,8.29,8.29,8.099,8.1,23175.0,0.0,1.0,6.2174999999999985,6.2174999999999985,6.07425,6.074999999999998,30900.0
2002-04-24,8.38,8.38,8.22,8.25,21450.0,0.0,1.0,6.285,6.285,6.165000000000001,6.1875,28600.0
2002-04-23,8.28,8.44,8.16,8.3,23175.0,0.0,1.0,6.209999999999999,6.33,6.12,6.2250000000000005,30900.0
2002-04-22,8.12,8.35,8.12,8.3,12900.0,0.0,1.0,6.09,6.262499999999998,6.09,6.2250000000000005,17200.0
2002-04-19,8.1,8.3,8.04,8.25,48450.0,0.0,1.0,6.074999999999998,6.2250000000000005,6.0299999999999985,6.1875,64600.0
2002-04-18,7.86,8.12,7.86,8.1,37500.0,0.0,1.0,5.8950000000000005,6.09,5.8950000000000005,6.074999999999998,50000.0
2002-04-17,7.89,8.15,7.8,7.96,28950.0,0.0,1.0,5.9175,6.112500000000002,5.85,5.97,38600.0
2002-04-16,7.5,8.01,7.5,8.0,82800.0,0.0,1.0,5.625,6.0075,5.625,6.0,110400.0
2002-04-15,7.41,7.6,7.36,7.55,39975.0,0.0,1.0,5.5575,5.699999999999998,5.5200000000000005,5.6625,53300.0
2002-04-12,7.35,7.5,7.28,7.38,10875.0,0.0,1.0,5.512499999999998,5.625,5.46,5.535,14500.0
2002-04-11,7.37,7.48,7.37,7.37,7275.0,0.0,1.0,5.5275,5.61,5.5275,5.5275,9700.0
2002-04-10,7.78,7.78,7.37,7.43,24900.0,0.0,1.0,5.835,5.835,5.5275,5.5725,33200.0
2002-04-09,7.8,7.95,7.8,7.81,21075.0,0.0,1.0,5.85,5.9625,5.85,5.8575,28100.0
2002-04-08,7.85,7.88,7.75,7.88,16500.0,0.0,1.0,5.887499999999998,5.91,5.8125,5.91,22000.0
2002-04-05,8.05,8.05,7.9,7.9,4275.0,0.0,1.0,6.0375000000000005,6.0375000000000005,5.925000000000002,5.925000000000002,5700.0
2002-04-04,7.88,8.05,7.83,8.0,8475.0,0.0,1.0,5.91,6.0375000000000005,5.8725000000000005,6.0,11300.0
2002-04-03,8.15,8.15,7.9,8.1,7500.0,0.0,1.0,6.112500000000002,6.112500000000002,5.925000000000002,6.074999999999998,10000.0
2002-04-02,8.11,8.2,8.01,8.1,6375.0,0.0,1.0,6.0825,6.15,6.0075,6.074999999999998,8500.0
2002-04-01,8.25,8.25,8.0,8.15,18150.0,0.0,1.0,6.1875,6.1875,6.0,6.112500000000002,24200.0
2002-03-28,8.06,8.45,8.06,8.3,60750.0,0.0,1.0,6.045,6.3375,6.045,6.2250000000000005,81000.0
2002-03-27,8.05,8.27,8.05,8.12,22575.0,0.0,1.0,6.0375000000000005,6.2025,6.0375000000000005,6.09,30100.0
2002-03-26,8.31,8.31,7.82,8.1,23100.0,0.0,1.0,6.2325,6.2325,5.865,6.074999999999998,30800.0
2002-03-25,7.95,8.5,7.9,8.05,49200.0,0.0,1.0,5.9625,6.375,5.925000000000002,6.0375000000000005,65600.0
2002-03-22,8.0,8.0,7.95,7.95,3600.0,0.0,1.0,6.0,6.0,5.9625,5.9625,4800.0
2002-03-21,8.1,8.1,7.95,8.1,11850.0,0.0,1.0,6.074999999999998,6.074999999999998,5.9625,6.074999999999998,15800.0
2002-03-20,7.95,8.13,7.95,8.13,13950.0,0.0,1.0,5.9625,6.0975,5.9625,6.0975,18600.0
2002-03-19,8.25,8.3,8.0,8.04,27750.0,0.0,1.0,6.1875,6.2250000000000005,6.0,6.0299999999999985,37000.0
2002-03-18,8.02,8.25,7.9,8.25,85950.0,0.0,1.0,6.015,6.1875,5.925000000000002,6.1875,114600.0
2002-03-15,7.77,8.04,7.77,8.02,30450.0,0.0,1.0,5.8275,6.0299999999999985,5.8275,6.015,40600.0
2002-03-14,7.85,7.85,7.55,7.82,16500.0,0.0,1.0,5.887499999999998,5.887499999999998,5.6625,5.865,22000.0
2002-03-13,7.5,7.7,7.5,7.6,26550.0,0.0,1.0,5.625,5.775,5.625,5.699999999999998,35400.0
2002-03-12,7.5,7.5,7.0,7.47,95550.0,0.0,1.0,5.625,5.625,5.25,5.6025,127400.0
2002-03-11,7.19,7.38,7.05,7.05,41250.0,0.0,1.0,5.3925,5.535,5.2875,5.2875,55000.0
2002-03-08,7.4,7.51,7.2,7.2,8475.0,0.0,1.0,5.550000000000002,5.6325,5.4,5.4,11300.0
2002-03-07,7.9,7.9,7.4,7.51,36975.0,0.0,1.0,5.925000000000002,5.925000000000002,5.550000000000002,5.6325,49300.0
2002-03-06,7.9,7.95,7.7,7.85,81975.0,0.0,1.0,5.925000000000002,5.9625,5.775,5.887499999999998,109300.0
2002-03-05,8.27,8.45,7.9,7.9,96675.0,0.0,1.0,6.2025,6.3375,5.925000000000002,5.925000000000002,128900.0
2002-03-04,7.85,8.15,7.85,8.1,63675.0,0.0,1.0,5.887499999999998,6.112500000000002,5.887499999999998,6.074999999999998,84900.0
2002-03-01,7.75,8.0,7.75,8.0,13350.0,0.0,1.0,5.8125,6.0,5.8125,6.0,17800.0
2002-02-28,7.45,7.7,7.45,7.7,9900.0,0.0,1.0,5.5875,5.775,5.5875,5.775,13200.0
2002-02-27,7.4,7.6,7.4,7.4,19050.0,0.0,1.0,5.550000000000002,5.699999999999998,5.550000000000002,5.550000000000002,25400.0
2002-02-26,7.05,7.4,7.0,7.33,33600.0,0.0,1.0,5.2875,5.550000000000002,5.25,5.4975000000000005,44800.0
2002-02-25,7.25,7.25,6.85,7.0,70950.0,0.0,1.0,5.4375,5.4375,5.137499999999998,5.25,94600.0
2002-02-22,7.4,7.4,7.2,7.25,15750.0,0.0,1.0,5.550000000000002,5.550000000000002,5.4,5.4375,21000.0
2002-02-21,7.2,7.45,6.6,7.45,61500.0,0.0,1.0,5.4,5.5875,4.949999999999998,5.5875,82000.0
2002-02-20,7.45,7.45,7.2,7.2,56400.0,0.0,1.0,5.5875,5.5875,5.4,5.4,75200.0
2002-02-19,7.6,7.65,7.4,7.45,35400.0,0.0,1.0,5.699999999999998,5.737500000000002,5.550000000000002,5.5875,47200.0
2002-02-15,7.6,7.6,7.6,7.6,3150.0,0.0,1.0,5.699999999999998,5.699999999999998,5.699999999999998,5.699999999999998,4200.0
2002-02-14,7.8,7.8,7.6,7.7,26250.0,0.0,1.0,5.85,5.85,5.699999999999998,5.775,35000.0
2002-02-13,7.72,7.8,7.72,7.75,15075.0,0.0,1.0,5.79,5.85,5.79,5.8125,20100.0
2002-02-12,7.85,7.85,7.65,7.8,18300.0,0.0,1.0,5.887499999999998,5.887499999999998,5.737500000000002,5.85,24400.0
2002-02-11,7.75,7.95,7.63,7.88,12600.0,0.0,1.0,5.8125,5.9625,5.7225,5.91,16800.0
2002-02-08,7.87,7.95,7.68,7.75,116550.0,0.0,1.0,5.9025,5.9625,5.76,5.8125,155400.0
2002-02-07,7.6,8.1,7.6,7.95,27075.0,0.0,1.0,5.699999999999998,6.074999999999998,5.699999999999998,5.9625,36100.0
2002-02-06,7.51,7.6,7.35,7.6,17100.0,0.0,1.0,5.6325,5.699999999999998,5.512499999999998,5.699999999999998,22800.0
2002-02-05,7.9,7.9,7.3,7.7,27000.0,0.0,1.0,5.925000000000002,5.925000000000002,5.475,5.775,36000.0
2002-02-04,7.85,8.5,7.85,8.0,48675.0,0.0,1.0,5.887499999999998,6.375,5.887499999999998,6.0,64900.0
2002-02-01,8.0,8.0,7.17,7.85,48600.0,0.0,1.0,6.0,6.0,5.3775,5.887499999999998,64800.0
2002-01-31,7.0,7.3,7.0,7.3,56400.0,0.0,1.0,5.25,5.475,5.25,5.475,75200.0
2002-01-30,6.85,7.0,6.85,7.0,18150.0,0.0,1.0,5.137499999999998,5.25,5.137499999999998,5.25,24200.0
2002-01-29,6.8,6.85,6.8,6.82,24450.0,0.0,1.0,5.1,5.137499999999998,5.1,5.115,32600.0
2002-01-28,6.7,6.8,6.7,6.8,8700.0,0.0,1.0,5.025,5.1,5.025,5.1,11600.0
2002-01-25,6.8,6.8,6.7,6.7,2175.0,0.0,1.0,5.1,5.1,5.025,5.025,2900.0
2002-01-24,6.55,6.8,6.55,6.8,30750.0,0.0,1.0,4.9125,5.1,4.9125,5.1,41000.0
2002-01-23,6.6,6.6,6.55,6.55,5850.0,0.0,1.0,4.949999999999998,4.949999999999998,4.9125,4.9125,7800.0
2002-01-22,6.5,6.6,6.5,6.55,7200.0,0.0,1.0,4.875,4.949999999999998,4.875,4.9125,9600.0
2002-01-18,6.55,6.6,6.55,6.6,1350.0,0.0,1.0,4.9125,4.949999999999998,4.9125,4.949999999999998,1800.0
2002-01-17,6.4,6.55,6.4,6.55,17700.0,0.0,1.0,4.800000000000002,4.9125,4.800000000000002,4.9125,23600.0
2002-01-16,6.35,6.35,6.35,6.35,0.0,0.0,1.0,4.762499999999998,4.762499999999998,4.762499999999998,4.762499999999998,0.0
2002-01-15,6.5,6.5,6.35,6.35,3150.0,0.0,1.0,4.875,4.875,4.762499999999998,4.762499999999998,4200.0
2002-01-14,6.52,6.53,6.35,6.45,11475.0,0.0,1.0,4.89,4.8975,4.762499999999998,4.8375,15300.0
2002-01-11,6.5,6.6,6.5,6.6,7650.0,0.0,1.0,4.875,4.949999999999998,4.875,4.949999999999998,10200.0
2002-01-10,6.22,6.4,6.17,6.4,47850.0,0.0,1.0,4.665,4.800000000000002,4.6275,4.800000000000002,63800.0
2002-01-09,6.76,6.76,6.06,6.18,63075.0,0.0,1.0,5.07,5.07,4.545,4.635,84100.0
2002-01-08,6.85,6.9,6.75,6.9,14550.0,0.0,1.0,5.137499999999998,5.175000000000002,5.0625,5.175000000000002,19400.0
2002-01-07,6.75,6.95,6.75,6.8,9750.0,0.0,1.0,5.0625,5.2125,5.0625,5.1,13000.0
2002-01-04,6.949,7.051,6.75,6.82,24975.0,0.0,1.0,5.21175,5.28825,5.0625,5.115,33300.0
2002-01-03,7.05,7.05,6.94,6.94,19800.0,0.0,1.0,5.2875,5.2875,5.205,5.205,26400.0
2002-01-02,7.0,7.05,6.95,7.05,26175.0,0.0,1.0,5.25,5.2875,5.2125,5.2875,34900.0
2001-12-31,7.02,7.05,6.9,7.0,90750.0,0.0,1.0,5.265,5.2875,5.175000000000002,5.25,121000.0
2001-12-28,7.07,7.07,6.9,7.01,4500.0,0.0,1.0,5.3025,5.3025,5.175000000000002,5.2575,6000.0
2001-12-27,7.05,7.07,7.0,7.0,25575.0,0.0,1.0,5.2875,5.3025,5.25,5.25,34100.0
2001-12-26,6.9,7.0,6.85,7.0,64275.0,0.0,1.0,5.175000000000002,5.25,5.137499999999998,5.25,85700.0
2001-12-24,6.9,6.9,6.82,6.85,2700.0,0.0,1.0,5.175000000000002,5.175000000000002,5.115,5.137499999999998,3600.0
2001-12-21,6.8,7.0,6.8,6.9,1500.0,0.0,1.0,5.1,5.25,5.1,5.175000000000002,2000.0
2001-12-20,6.92,6.92,6.8,6.92,10800.0,0.0,1.0,5.19,5.19,5.1,5.19,14400.0
2001-12-19,6.77,6.95,6.77,6.8,17250.0,0.0,1.0,5.0775,5.2125,5.0775,5.1,23000.0
2001-12-18,6.8,6.9,6.77,6.9,4950.0,0.0,1.0,5.1,5.175000000000002,5.0775,5.175000000000002,6600.0
2001-12-17,6.8,6.9,6.8,6.8,11850.0,0.0,1.0,5.1,5.175000000000002,5.1,5.1,15800.0
2001-12-14,6.84,7.0,6.8,7.0,10350.0,0.0,1.0,5.13,5.25,5.1,5.25,13800.0
2001-12-13,6.8,6.84,6.75,6.84,5475.0,0.0,1.0,5.1,5.13,5.0625,5.13,7300.0
2001-12-12,6.6,6.9,6.45,6.9,13500.0,0.0,1.0,4.949999999999998,5.175000000000002,4.8375,5.175000000000002,18000.0
2001-12-11,6.86,6.86,6.55,6.6,22575.0,0.0,1.0,5.1450000000000005,5.1450000000000005,4.9125,4.949999999999998,30100.0
2001-12-10,6.95,6.95,6.86,6.86,3900.0,0.0,1.0,5.2125,5.2125,5.1450000000000005,5.1450000000000005,5200.0
2001-12-07,7.06,7.06,6.85,6.85,17550.0,0.0,1.0,5.295,5.295,5.137499999999998,5.137499999999998,23400.0
2001-12-06,7.07,7.07,7.03,7.03,7650.0,0.0,1.0,5.3025,5.3025,5.2725,5.2725,10200.0
2001-12-05,7.0,7.1,7.0,7.0,104700.0,0.0,1.0,5.25,5.324999999999998,5.25,5.25,139600.0
2001-12-04,7.0,7.1,6.9,7.0,15000.0,0.0,1.0,5.25,5.324999999999998,5.175000000000002,5.25,20000.0
2001-12-03,7.1,7.1,6.88,7.1,51000.0,0.0,1.0,5.324999999999998,5.324999999999998,5.16,5.324999999999998,68000.0
2001-11-30,6.91,7.0,6.91,6.98,14400.0,0.0,1.0,5.1825,5.25,5.1825,5.235,19200.0
2001-11-29,6.81,7.0,6.81,6.95,15075.0,0.0,1.0,5.1075,5.25,5.1075,5.2125,20100.0
2001-11-28,6.9,6.9,6.65,6.81,19875.0,0.0,1.0,5.175000000000002,5.175000000000002,4.987500000000002,5.1075,26500.0
2001-11-27,6.81,6.85,6.75,6.85,9750.0,0.0,1.0,5.1075,5.137499999999998,5.0625,5.137499999999998,13000.0
2001-11-26,6.9,6.9,6.75,6.85,17775.0,0.0,1.0,5.175000000000002,5.175000000000002,5.0625,5.137499999999998,23700.0
2001-11-23,6.9,6.9,6.9,6.9,3375.0,0.0,1.0,5.175000000000002,5.175000000000002,5.175000000000002,5.175000000000002,4500.0
2001-11-21,7.05,7.05,7.0,7.05,10200.0,0.0,1.0,5.2875,5.2875,5.25,5.2875,13600.0
2001-11-20,7.0,7.04,7.0,7.0,5550.0,0.0,1.0,5.25,5.28,5.25,5.25,7400.0
2001-11-19,7.0,7.05,6.95,7.0,21675.0,0.0,1.0,5.25,5.2875,5.2125,5.25,28900.0
2001-11-16,7.14,7.14,7.0,7.0,78750.0,0.0,1.0,5.355,5.355,5.25,5.25,105000.0
2001-11-15,7.15,7.15,7.05,7.05,2100.0,0.0,1.0,5.362500000000002,5.362500000000002,5.2875,5.2875,2800.0
2001-11-14,7.1,7.1,6.9,6.95,30900.0,0.0,1.0,5.324999999999998,5.324999999999998,5.175000000000002,5.2125,41200.0
2001-11-13,7.07,7.17,7.05,7.1,46200.0,0.0,1.0,5.3025,5.3775,5.2875,5.324999999999998,61600.0
2001-11-12,6.9,7.0,6.7,7.0,15450.0,0.0,1.0,5.175000000000002,5.25,5.025,5.25,20600.0
2001-11-09,6.75,6.75,6.75,6.75,3375.0,0.0,1.0,5.0625,5.0625,5.0625,5.0625,4500.0
2001-11-08,6.85,6.9,6.75,6.75,5475.0,0.0,1.0,5.137499999999998,5.175000000000002,5.0625,5.0625,7300.0
2001-11-07,7.0,7.0,6.85,6.85,7275.0,0.0,1.0,5.25,5.25,5.137499999999998,5.137499999999998,9700.0
2001-11-06,7.01,7.15,6.8,7.0,22800.0,0.0,1.0,5.2575,5.362500000000002,5.1,5.25,30400.0
2001-11-05,6.82,7.5,6.82,7.1,118200.0,0.0,1.0,5.115,5.625,5.115,5.324999999999998,157600.0
2001-11-02,6.83,6.85,6.81,6.83,6750.0,0.0,1.0,5.1225000000000005,5.137499999999998,5.1075,5.1225000000000005,9000.0
2001-11-01,6.8,6.9,6.8,6.83,11700.0,0.0,1.0,5.1,5.175000000000002,5.1,5.1225000000000005,15600.0
2001-10-31,6.9,6.9,6.84,6.9,9000.0,0.0,1.0,5.175000000000002,5.175000000000002,5.13,5.175000000000002,12000.0
2001-10-30,6.85,6.85,6.75,6.84,11550.0,0.0,1.0,5.137499999999998,5.137499999999998,5.0625,5.13,15400.0
2001-10-29,6.55,6.85,6.55,6.8,15450.0,0.0,1.0,4.9125,5.137499999999998,4.9125,5.1,20600.0
2001-10-26,6.45,6.8,6.35,6.55,15975.0,0.0,1.0,4.8375,5.1,4.762499999999998,4.9125,21300.0
2001-10-25,7.02,7.02,6.26,6.28,48150.0,0.0,1.0,5.265,5.265,4.695,4.71,64200.0
2001-10-24,7.02,7.1,7.02,7.08,22350.0,0.0,1.0,5.265,5.324999999999998,5.265,5.3100000000000005,29800.0
2001-10-23,6.85,7.08,6.85,7.08,40275.0,0.0,1.0,5.137499999999998,5.3100000000000005,5.137499999999998,5.3100000000000005,53700.0
2001-10-22,6.8,6.95,6.78,6.95,10575.0,0.0,1.0,5.1,5.2125,5.085,5.2125,14100.0
2001-10-19,6.9,6.95,6.8,6.8,4500.0,0.0,1.0,5.175000000000002,5.2125,5.1,5.1,6000.0
2001-10-18,6.73,6.85,6.66,6.85,8700.0,0.0,1.0,5.0475,5.137499999999998,4.995,5.137499999999998,11600.0
2001-10-17,6.5,6.75,6.5,6.65,13050.0,0.0,1.0,4.875,5.0625,4.875,4.987500000000002,17400.0
2001-10-16,6.35,6.6,6.35,6.6,8475.0,0.0,1.0,4.762499999999998,4.949999999999998,4.762499999999998,4.949999999999998,11300.0
2001-10-15,6.3,6.4,6.3,6.35,4500.0,0.0,1.0,4.725,4.800000000000002,4.725,4.762499999999998,6000.0
2001-10-12,6.55,6.55,6.3,6.3,4875.0,0.0,1.0,4.9125,4.9125,4.725,4.725,6500.0
2001-10-11,5.88,6.55,5.88,6.5,115650.0,0.0,1.0,4.41,4.9125,4.41,4.875,154200.0
2001-10-10,5.85,5.94,5.81,5.85,23175.0,0.0,1.0,4.387499999999998,4.455,4.3575,4.387499999999998,30900.0
2001-10-09,5.9,5.96,5.6,5.73,92700.0,0.0,1.0,4.425000000000002,4.47,4.199999999999998,4.2975,123600.0
2001-10-08,5.95,5.95,5.9,5.9,11100.0,0.0,1.0,4.4625,4.4625,4.425000000000002,4.425000000000002,14800.0
2001-10-05,6.0,6.0,5.9,5.95,4350.0,0.0,1.0,4.5,4.5,4.425000000000002,4.4625,5800.0
2001-10-04,6.03,6.03,5.9,5.9,48375.0,0.0,1.0,4.5225,4.5225,4.425000000000002,4.425000000000002,64500.0
2001-10-03,5.9,5.9,5.75,5.9,8475.0,0.0,1.0,4.425000000000002,4.425000000000002,4.3125,4.425000000000002,11300.0
2001-10-02,5.9,5.9,5.75,5.77,9750.0,0.0,1.0,4.425000000000002,4.425000000000002,4.3125,4.3275,13000.0
2001-10-01,5.95,5.95,5.9,5.9,13350.0,0.0,1.0,4.4625,4.4625,4.425000000000002,4.425000000000002,17800.0
2001-09-28,5.2,6.15,5.15,6.03,83775.0,0.0,1.0,3.9,4.612500000000002,3.8625,4.5225,111700.0
2001-09-27,4.9,5.3,4.9,5.2,8475.0,0.0,1.0,3.675,3.975,3.675,3.9,11300.0
2001-09-26,5.0,5.15,4.9,4.9,14850.0,0.0,1.0,3.75,3.8625,3.675,3.675,19800.0
2001-09-25,4.25,4.9,4.1,4.9,37050.0,0.0,1.0,3.1875,3.675,3.075,3.675,49400.0
2001-09-24,3.85,4.3,3.84,4.3,34500.0,0.0,1.0,2.8875,3.225,2.88,3.225,46000.0
2001-09-21,3.8,3.8,3.63,3.75,36975.0,0.0,1.0,2.85,2.85,2.7225,2.8125,49300.0
2001-09-20,3.93,3.93,3.75,3.75,10875.0,0.0,1.0,2.9475,2.9475,2.8125,2.8125,14500.0
2001-09-19,4.15,4.15,3.55,3.82,21450.0,0.0,1.0,3.1125000000000003,3.1125000000000003,2.6625,2.865,28600.0
2001-09-18,4.28,4.28,4.15,4.18,17475.0,0.0,1.0,3.21,3.21,3.1125000000000003,3.135,23300.0
2001-09-17,4.55,4.55,4.15,4.22,33975.0,0.0,1.0,3.4125,3.4125,3.1125000000000003,3.165,45300.0
2001-09-10,4.65,4.65,4.55,4.57,10950.0,0.0,1.0,3.4875000000000003,3.4875000000000003,3.4125,3.4275,14600.0
2001-09-07,4.67,4.67,4.64,4.66,7575.0,0.0,1.0,3.5025,3.5025,3.4799999999999995,3.495,10100.0
2001-09-06,4.6,4.65,4.58,4.6,27075.0,0.0,1.0,3.45,3.4875000000000003,3.435,3.45,36100.0
2001-09-05,4.88,4.88,4.6,4.6,7050.0,0.0,1.0,3.66,3.66,3.45,3.45,9400.0
2001-09-04,5.05,5.05,4.75,4.76,16200.0,0.0,1.0,3.7875,3.7875,3.5625,3.57,21600.0
2001-08-31,5.12,5.13,5.1,5.12,7050.0,0.0,1.0,3.84,3.8475,3.825,3.84,9400.0
2001-08-30,5.19,5.19,5.08,5.12,9450.0,0.0,1.0,3.8925,3.8925,3.81,3.84,12600.0
2001-08-29,5.2,5.3,5.05,5.05,29475.0,0.0,1.0,3.9,3.975,3.7875,3.7875,39300.0
2001-08-28,5.12,5.16,5.12,5.13,30600.0,0.0,1.0,3.84,3.87,3.84,3.8475,40800.0
2001-08-27,5.121,5.148,5.121,5.121,12375.0,0.0,1.0,3.84075,3.861,3.84075,3.84075,16500.0
2001-08-24,5.2,5.24,5.05,5.24,32550.0,0.0,1.0,3.9,3.93,3.7875,3.93,43400.0
2001-08-23,5.1,5.2,5.05,5.2,6075.0,0.0,1.0,3.825,3.9,3.7875,3.9,8100.0
2001-08-22,5.15,5.245,5.1,5.1,21450.0,0.0,1.0,3.8625,3.93375,3.825,3.825,28600.0
2001-08-21,5.05,5.24,5.05,5.1,5775.0,0.0,1.0,3.7875,3.93,3.7875,3.825,7700.0
2001-08-20,5.14,5.15,5.14,5.15,1200.0,0.0,1.0,3.855,3.8625,3.855,3.8625,1600.0
2001-08-17,5.1,5.1,5.0,5.05,10200.0,0.0,1.0,3.825,3.825,3.75,3.7875,13600.0
2001-08-16,5.15,5.15,5.05,5.05,1275.0,0.0,1.0,3.8625,3.8625,3.7875,3.7875,1700.0
2001-08-15,5.07,5.15,5.07,5.15,3675.0,0.0,1.0,3.8025,3.8625,3.8025,3.8625,4900.0
2001-08-14,5.15,5.15,5.0,5.08,97650.0,0.0,1.0,3.8625,3.8625,3.75,3.81,130200.0
2001-08-13,5.1,5.1,5.1,5.1,375.0,0.0,1.0,3.825,3.825,3.825,3.825,500.0
2001-08-10,5.2,5.2,5.1,5.15,2550.0,0.0,1.0,3.9,3.9,3.825,3.8625,3400.0
2001-08-09,5.28,5.28,5.28,5.28,975.0,0.0,1.0,3.96,3.96,3.96,3.96,1300.0
2001-08-08,5.3,5.3,5.3,5.3,3375.0,0.0,1.0,3.975,3.975,3.975,3.975,4500.0
2001-08-07,5.35,5.35,5.3,5.3,1800.0,0.0,1.0,4.012499999999998,4.012499999999998,3.975,3.975,2400.0
2001-08-06,5.48,5.48,5.3,5.3,3300.0,0.0,1.0,4.11,4.11,3.975,3.975,4400.0
2001-08-03,5.3,5.48,5.3,5.4,3750.0,0.0,1.0,3.975,4.11,3.975,4.050000000000002,5000.0
2001-08-02,5.4,5.5,5.3,5.3,3150.0,0.0,1.0,4.050000000000002,4.125,3.975,3.975,4200.0
2001-08-01,5.23,5.45,5.23,5.4,4050.0,0.0,1.0,3.9225,4.0875,3.9225,4.050000000000002,5400.0
2001-07-31,5.23,5.4,5.23,5.4,900.0,0.0,1.0,3.9225,4.050000000000002,3.9225,4.050000000000002,1200.0
2001-07-30,5.16,5.3,5.16,5.3,6150.0,0.0,1.0,3.87,3.975,3.87,3.975,8200.0
2001-07-27,5.18,5.2,5.12,5.15,12000.0,0.0,1.0,3.885,3.9,3.84,3.8625,16000.0
2001-07-26,5.15,5.15,5.15,5.15,5700.0,0.0,1.0,3.8625,3.8625,3.8625,3.8625,7600.0
2001-07-25,5.2,5.3,5.15,5.3,2700.0,0.0,1.0,3.9,3.975,3.8625,3.975,3600.0
2001-07-24,5.2,5.3,5.2,5.3,2550.0,0.0,1.0,3.9,3.975,3.9,3.975,3400.0
2001-07-23,5.35,5.35,5.21,5.21,42600.0,0.0,1.0,4.012499999999998,4.012499999999998,3.9075,3.9075,56800.0
2001-07-20,4.97,5.45,4.97,5.4,18150.0,0.0,1.0,3.7275,4.0875,3.7275,4.050000000000002,24200.0
2001-07-19,5.1,5.1,4.85,5.0,38250.0,0.0,1.0,3.825,3.825,3.6375,3.75,51000.0
2001-07-18,5.42,5.42,5.075,5.1,61950.0,0.0,1.0,4.065,4.065,3.80625,3.825,82600.0
2001-07-17,5.6,5.7,5.5,5.55,17475.0,0.0,1.0,4.199999999999998,4.275,4.125,4.1625,23300.0
2001-07-16,5.8,5.8,5.65,5.65,7650.0,0.0,1.0,4.35,4.35,4.237500000000002,4.237500000000002,10200.0
2001-07-13,5.75,5.85,5.75,5.8,5400.0,0.0,1.0,4.3125,4.387499999999998,4.3125,4.35,7200.0
2001-07-12,5.85,5.85,5.8,5.8,2700.0,0.0,1.0,4.387499999999998,4.387499999999998,4.35,4.35,3600.0
2001-07-11,5.95,5.95,5.45,5.8,13575.0,0.0,1.0,4.4625,4.4625,4.0875,4.35,18100.0
2001-07-10,5.6,6.0,5.6,5.85,10200.0,0.0,1.0,4.199999999999998,4.5,4.199999999999998,4.387499999999998,13600.0
2001-07-09,5.65,5.65,5.55,5.6,13800.0,0.0,1.0,4.237500000000002,4.237500000000002,4.1625,4.199999999999998,18400.0
2001-07-06,5.55,5.65,5.55,5.6,7275.0,0.0,1.0,4.1625,4.237500000000002,4.1625,4.199999999999998,9700.0
2001-07-05,5.75,5.75,5.55,5.55,19275.0,0.0,1.0,4.3125,4.3125,4.1625,4.1625,25700.0
2001-07-03,5.88,5.88,5.7,5.7,11100.0,0.0,1.0,4.41,4.41,4.275,4.275,14800.0
2001-07-02,5.96,5.96,5.58,5.7,38175.0,0.0,1.0,4.47,4.47,4.1850000000000005,4.275,50900.0
2001-06-29,5.25,6.02,5.25,6.0,336450.0,0.0,1.0,3.9375,4.515,3.9375,4.5,448600.0
2001-06-28,4.8,5.2,4.8,5.2,48075.0,0.0,1.0,3.6,3.9,3.6,3.9,64100.0
2001-06-27,4.75,4.82,4.6,4.75,33900.0,0.0,1.0,3.5625,3.615,3.45,3.5625,45200.0
2001-06-26,4.75,4.75,4.6,4.65,25275.0,0.0,1.0,3.5625,3.5625,3.45,3.4875000000000003,33700.0
2001-06-25,4.15,4.75,4.15,4.7,43575.0,0.0,1.0,3.1125000000000003,3.5625,3.1125000000000003,3.5250000000000004,58100.0
2001-06-22,4.08,4.25,4.0,4.15,27375.0,0.0,1.0,3.06,3.1875,3.0,3.1125000000000003,36500.0
2001-06-21,4.0,4.05,3.9,4.05,11400.0,0.0,1.0,3.0,3.0375,2.925,3.0375,15200.0
2001-06-20,3.9,3.95,3.8,3.8,16875.0,0.0,1.0,2.925,2.9625000000000004,2.85,2.85,22500.0
2001-06-19,3.9,3.9,3.8,3.9,12750.0,0.0,1.0,2.925,2.925,2.85,2.925,17000.0
2001-06-18,3.95,4.0,3.75,3.75,43650.0,0.0,1.0,2.9625000000000004,3.0,2.8125,2.8125,58200.0
2001-06-15,4.08,4.1,3.7,3.9,236175.0,0.0,1.0,3.06,3.075,2.7750000000000004,2.925,314900.0
2001-06-14,4.75,4.75,3.85,4.0,1064250.0,0.0,1.0,3.5625,3.5625,2.8875,3.0,1419000.0
2001-06-13,9.85,9.95,3.35,4.1,561975.0,0.0,1.0,7.387499999999998,7.462499999999999,2.5125,3.075,749300.0
2001-06-12,10.08,10.2,9.75,9.92,36150.0,0.0,1.0,7.56,7.649999999999999,7.3125,7.439999999999999,48200.0
2001-06-11,10.27,10.27,9.95,10.15,58650.0,0.0,1.0,7.7025,7.7025,7.462499999999999,7.612500000000002,78200.0
2001-06-08,9.85,10.75,9.85,10.5,132300.0,0.0,1.0,7.387499999999998,8.0625,7.387499999999998,7.875,176400.0
2001-06-07,10.0,10.0,9.63,9.8,79950.0,0.0,1.0,7.5,7.5,7.2225,7.35,106600.0
2001-06-06,9.95,10.0,9.86,10.0,59550.0,0.0,1.0,7.462499999999999,7.5,7.395,7.5,79400.0
2001-06-05,9.71,10.0,9.71,9.94,26250.0,0.0,1.0,7.2825000000000015,7.5,7.2825000000000015,7.455,35000.0
2001-06-04,9.8,9.9,9.75,9.75,15975.0,0.0,1.0,7.35,7.425000000000002,7.3125,7.3125,21300.0
2001-06-01,10.0,10.0,9.7,9.85,9450.0,0.0,1.0,7.5,7.5,7.274999999999999,7.387499999999998,12600.0
2001-05-31,9.85,10.0,9.7,9.88,83250.0,0.0,1.0,7.387499999999998,7.5,7.274999999999999,7.41,111000.0
2001-05-30,9.3,10.03,9.25,9.9,200550.0,0.0,1.0,6.9750000000000005,7.522499999999999,6.9375,7.425000000000002,267400.0
2001-05-29,8.8,9.3,8.75,9.3,64800.0,0.0,1.0,6.6000000000000005,6.9750000000000005,6.5625,6.9750000000000005,86400.0
2001-05-25,8.7,8.95,8.7,8.94,33075.0,0.0,1.0,6.525,6.7125,6.525,6.705,44100.0
2001-05-24,8.63,8.9,8.6,8.9,50550.0,0.0,1.0,6.4725,6.675000000000002,6.449999999999998,6.675000000000002,67400.0
2001-05-23,8.6,8.78,8.5,8.73,35100.0,0.0,1.0,6.449999999999998,6.584999999999999,6.375,6.5475,46800.0
2001-05-22,8.25,8.95,8.25,8.78,34200.0,0.0,1.0,6.1875,6.7125,6.1875,6.584999999999999,45600.0
2001-05-21,8.22,8.4,8.18,8.4,44175.0,0.0,1.0,6.165000000000001,6.300000000000002,6.135,6.300000000000002,58900.0
2001-05-18,8.25,8.3,7.98,8.18,106800.0,0.0,1.0,6.1875,6.2250000000000005,5.985,6.135,142400.0
2001-05-17,8.0,8.2,7.9,8.02,62100.0,0.0,1.0,6.0,6.15,5.925000000000002,6.015,82800.0
2001-05-16,7.5,8.2,7.44,8.11,27450.0,0.0,1.0,5.625,6.15,5.58,6.0825,36600.0
2001-05-15,7.35,7.5,7.35,7.5,7050.0,0.0,1.0,5.512499999999998,5.625,5.512499999999998,5.625,9400.0
2001-05-14,7.35,7.37,7.35,7.35,14775.0,0.0,1.0,5.512499999999998,5.5275,5.512499999999998,5.512499999999998,19700.0
2001-05-11,7.2,7.4,7.2,7.4,37800.0,0.0,1.0,5.4,5.550000000000002,5.4,5.550000000000002,50400.0
2001-05-10,7.17,7.25,7.17,7.25,2475.0,0.0,1.0,5.3775,5.4375,5.3775,5.4375,3300.0
2001-05-09,7.2,7.25,7.15,7.17,34050.0,0.0,1.0,5.4,5.4375,5.362500000000002,5.3775,45400.0
2001-05-08,7.4,7.4,7.2,7.25,28575.0,0.0,1.0,5.550000000000002,5.550000000000002,5.4,5.4375,38100.0
2001-05-07,7.7,7.7,7.3,7.55,64050.0,0.0,1.0,5.775,5.775,5.475,5.6625,85400.0
2001-05-04,8.0,8.15,7.65,7.7,37350.0,0.0,1.0,6.0,6.112500000000002,5.737500000000002,5.775,49800.0
2001-05-03,8.35,8.35,7.7,7.75,78600.0,0.0,1.0,6.262499999999998,6.262499999999998,5.775,5.8125,104800.0
2001-05-02,8.27,8.5,8.2,8.38,125475.0,0.0,1.0,6.2025,6.375,6.15,6.285,167300.0
2001-05-01,7.35,8.5,7.35,8.3,163275.0,0.0,1.0,5.512499999999998,6.375,5.512499999999998,6.2250000000000005,217700.0
2001-04-30,7.31,7.31,7.15,7.2,42375.0,0.0,1.0,5.4825,5.4825,5.362500000000002,5.4,56500.0
2001-04-27,7.55,7.55,7.25,7.3,36450.0,0.0,1.0,5.6625,5.6625,5.4375,5.475,48600.0
2001-04-26,7.2,7.6,7.1,7.55,28200.0,0.0,1.0,5.4,5.699999999999998,5.324999999999998,5.6625,37600.0
2001-04-25,7.2,7.25,7.0,7.2,28950.0,0.0,1.0,5.4,5.4375,5.25,5.4,38600.0
2001-04-24,7.19,7.2,7.0,7.2,24150.0,0.0,1.0,5.3925,5.4,5.25,5.4,32200.0
2001-04-23,6.75,7.3,6.75,7.1,24450.0,0.0,1.0,5.0625,5.475,5.0625,5.324999999999998,32600.0
2001-04-20,6.5,6.94,6.5,6.8,30000.0,0.0,1.0,4.875,5.205,4.875,5.1,40000.0
2001-04-19,6.65,6.65,6.3,6.5,17850.0,0.0,1.0,4.987500000000002,4.987500000000002,4.725,4.875,23800.0
2001-04-18,6.5,6.65,6.35,6.55,17550.0,0.0,1.0,4.875,4.987500000000002,4.762499999999998,4.9125,23400.0
2001-04-17,6.6,6.67,6.25,6.3,13275.0,0.0,1.0,4.949999999999998,5.0025,4.6875,4.725,17700.0
2001-04-16,6.65,6.76,6.65,6.65,8400.0,0.0,1.0,4.987500000000002,5.07,4.987500000000002,4.987500000000002,11200.0
2001-04-12,6.9,6.9,6.65,6.65,43350.0,0.0,1.0,5.175000000000002,5.175000000000002,4.987500000000002,4.987500000000002,57800.0
2001-04-11,6.8,6.95,6.8,6.8,68850.0,0.0,1.0,5.1,5.2125,5.1,5.1,91800.0
2001-04-10,6.98,6.98,6.78,6.8,12750.0,0.0,1.0,5.235,5.235,5.085,5.1,17000.0
2001-04-09,6.5,6.9,6.22,6.9,30975.0,0.0,1.0,4.875,5.175000000000002,4.665,5.175000000000002,41300.0
2001-04-06,6.875,6.938,6.625,6.75,22500.0,0.0,1.0,5.15625,5.2035,4.96875,5.0625,30000.0
2001-04-05,6.156000000000001,7.0,6.156000000000001,6.85,32100.0,0.0,1.0,4.617,5.25,4.617,5.137499999999998,42800.0
2001-04-04,6.063,6.125,6.063,6.125,22500.0,0.0,1.0,4.54725,4.59375,4.54725,4.59375,30000.0
2001-04-03,5.938,6.125,5.938,6.125,5100.0,0.0,1.0,4.4535,4.59375,4.4535,4.59375,6800.0
2001-04-02,6.375,6.375,6.031000000000001,6.031000000000001,12075.0,0.0,1.0,4.78125,4.78125,4.52325,4.52325,16100.0
2001-03-30,6.313,6.406000000000001,6.313,6.375,5550.0,0.0,1.0,4.73475,4.8045,4.73475,4.78125,7400.0
2001-03-29,6.375,6.375,6.313,6.375,5400.0,0.0,1.0,4.78125,4.78125,4.73475,4.78125,7200.0
2001-03-28,6.375,6.375,6.313,6.375,9750.0,0.0,1.0,4.78125,4.78125,4.73475,4.78125,13000.0
2001-03-27,6.188,6.375,6.188,6.375,4350.0,0.0,1.0,4.641,4.78125,4.641,4.78125,5800.0
2001-03-26,5.875,6.375,5.875,6.25,19500.0,0.0,1.0,4.40625,4.78125,4.40625,4.6875,26000.0
2001-03-23,5.75,5.906000000000001,5.75,5.906000000000001,4650.0,0.0,1.0,4.3125,4.4295,4.3125,4.4295,6200.0
2001-03-22,6.156000000000001,6.188,5.813,5.875,41775.0,0.0,1.0,4.617,4.641,4.35975,4.40625,55700.0
2001-03-21,6.188,6.313,6.125,6.188,56850.0,0.0,1.0,4.641,4.73475,4.59375,4.641,75800.0
2001-03-20,6.156000000000001,6.188,6.156000000000001,6.188,5775.0,0.0,1.0,4.617,4.641,4.617,4.641,7700.0
2001-03-19,6.313,6.313,6.125,6.188,40050.0,0.0,1.0,4.73475,4.73475,4.59375,4.641,53400.0
2001-03-16,6.125,6.312,6.093,6.187,48075.0,0.0,1.0,4.59375,4.734,4.56975,4.64025,64100.0
2001-03-15,6.062,6.25,6.062,6.25,17700.0,0.0,1.0,4.5465,4.6875,4.5465,4.6875,23600.0
2001-03-14,6.125,6.187,6.0,6.125,22050.0,0.0,1.0,4.59375,4.64025,4.5,4.59375,29400.0
2001-03-13,6.218,6.312,6.187,6.187,8700.0,0.0,1.0,4.6635,4.734,4.64025,4.64025,11600.0
2001-03-12,6.312,6.312,6.187,6.25,12375.0,0.0,1.0,4.734,4.734,4.64025,4.6875,16500.0
2001-03-09,6.187,6.25,6.187,6.25,15375.0,0.0,1.0,4.64025,4.6875,4.64025,4.6875,20500.0
2001-03-08,6.25,6.437,5.937,6.25,227475.0,0.0,1.0,4.6875,4.82775,4.45275,4.6875,303300.0
2001-03-07,6.75,6.812,6.312,6.375,82275.0,0.0,1.0,5.0625,5.109,4.734,4.78125,109700.0
2001-03-06,6.75,6.906000000000001,6.75,6.875,63900.0,0.0,1.0,5.0625,5.1795,5.0625,5.15625,85200.0
2001-03-05,6.687,6.937,6.562,6.937,85950.0,0.0,1.0,5.01525,5.20275,4.9215,5.20275,114600.0
2001-03-02,6.593,6.875,6.5,6.75,124875.0,0.0,1.0,4.94475,5.15625,4.875,5.0625,166500.0
2001-03-01,5.843,6.968,5.75,6.937,108600.0,0.0,1.0,4.38225,5.226,4.3125,5.20275,144800.0
2001-02-28,5.75,5.75,5.625,5.75,16575.0,0.0,1.0,4.3125,4.3125,4.21875,4.3125,22100.0
2001-02-27,5.687,5.687,5.531000000000001,5.687,5850.0,0.0,1.0,4.26525,4.26525,4.14825,4.26525,7800.0
2001-02-26,5.937,5.937,5.687,5.687,26250.0,0.0,1.0,4.45275,4.45275,4.26525,4.26525,35000.0
2001-02-23,5.125,5.968,5.125,5.968,48300.0,0.0,1.0,3.84375,4.476,3.84375,4.476,64400.0
2001-02-22,5.031000000000001,5.125,5.0,5.125,6150.0,0.0,1.0,3.77325,3.84375,3.75,3.84375,8200.0
2001-02-21,5.031000000000001,5.031000000000001,4.937,5.0,25875.0,0.0,1.0,3.77325,3.77325,3.70275,3.75,34500.0
2001-02-20,5.125,5.187,4.937,4.968,12900.0,0.0,1.0,3.84375,3.89025,3.70275,3.7260000000000004,17200.0
2001-02-16,4.5,5.187,4.5,5.125,95100.0,0.0,1.0,3.375,3.89025,3.375,3.84375,126800.0
2001-02-15,4.5,4.687,4.5,4.5,9000.0,0.0,1.0,3.375,3.51525,3.375,3.375,12000.0
2001-02-14,4.187,4.437,4.187,4.437,43050.0,0.0,1.0,3.14025,3.32775,3.14025,3.32775,57400.0
2001-02-13,4.125,4.156000000000001,4.062,4.125,13500.0,0.0,1.0,3.09375,3.117,3.0465,3.09375,18000.0
2001-02-12,3.937,4.125,3.937,4.125,1800.0,0.0,1.0,2.95275,3.09375,2.95275,3.09375,2400.0
2001-02-09,3.968,4.125,3.968,4.125,73800.0,0.0,1.0,2.9760000000000004,3.09375,2.9760000000000004,3.09375,98400.0
2001-02-08,3.875,4.125,3.75,3.75,58500.0,0.0,1.0,2.90625,3.09375,2.8125,2.8125,78000.0
2001-02-07,4.0,4.0,3.687,3.75,5700.0,0.0,1.0,3.0,3.0,2.76525,2.8125,7600.0
2001-02-06,4.0,4.0,3.937,3.937,15075.0,0.0,1.0,3.0,3.0,2.95275,2.95275,20100.0
2001-02-05,4.031000000000001,4.125,4.031000000000001,4.125,3150.0,0.0,1.0,3.02325,3.09375,3.02325,3.09375,4200.0
2001-02-02,4.25,4.25,4.062,4.125,3450.0,0.0,1.0,3.1875,3.1875,3.0465,3.09375,4600.0
2001-02-01,4.187,4.25,4.125,4.25,9150.0,0.0,1.0,3.14025,3.1875,3.09375,3.1875,12200.0
2001-01-31,4.343,4.375,4.187,4.187,15675.0,0.0,1.0,3.25725,3.28125,3.14025,3.14025,20900.0
2001-01-30,4.312,4.312,4.25,4.25,5100.0,0.0,1.0,3.234,3.234,3.1875,3.1875,6800.0
2001-01-29,4.062,4.25,4.062,4.25,1650.0,0.0,1.0,3.0465,3.1875,3.0465,3.1875,2200.0
2001-01-26,4.5,4.5,4.25,4.25,12450.0,0.0,1.0,3.375,3.375,3.1875,3.1875,16600.0
2001-01-25,4.625,4.625,4.5,4.5,23700.0,0.0,1.0,3.46875,3.46875,3.375,3.375,31600.0
2001-01-24,4.125,4.5,4.125,4.437,7350.0,0.0,1.0,3.09375,3.375,3.09375,3.32775,9800.0
2001-01-23,4.187,4.25,4.125,4.25,25200.0,0.0,1.0,3.14025,3.1875,3.09375,3.1875,33600.0
2001-01-22,4.25,4.375,4.25,4.25,21000.0,0.0,1.0,3.1875,3.28125,3.1875,3.1875,28000.0
2001-01-19,4.25,4.312,4.25,4.25,1800.0,0.0,1.0,3.1875,3.234,3.1875,3.1875,2400.0
2001-01-18,4.5,4.5,4.25,4.375,6450.0,0.0,1.0,3.375,3.375,3.1875,3.28125,8600.0
2001-01-17,4.75,4.812,4.468,4.5,13875.0,0.0,1.0,3.5625,3.609,3.3510000000000004,3.375,18500.0
2001-01-16,4.562,5.0,4.562,4.75,31875.0,0.0,1.0,3.4215,3.75,3.4215,3.5625,42500.0
2001-01-12,4.375,4.937,4.235,4.68,38850.0,0.0,1.0,3.28125,3.70275,3.1762500000000005,3.51,51800.0
2001-01-11,4.187,4.235,4.187,4.235,4575.0,0.0,1.0,3.14025,3.1762500000000005,3.14025,3.1762500000000005,6100.0
2001-01-10,4.125,4.281000000000001,4.125,4.218,7800.0,0.0,1.0,3.09375,3.21075,3.09375,3.1635,10400.0
2001-01-09,4.375,4.375,4.218,4.218,24000.0,0.0,1.0,3.28125,3.28125,3.1635,3.1635,32000.0
2001-01-08,4.375,4.375,4.25,4.25,15975.0,0.0,1.0,3.28125,3.28125,3.1875,3.1875,21300.0
2001-01-05,4.25,4.312,4.25,4.312,2400.0,0.0,1.0,3.1875,3.234,3.1875,3.234,3200.0
2001-01-04,4.312,4.562,4.312,4.562,6900.0,0.0,1.0,3.234,3.4215,3.234,3.4215,9200.0
2001-01-03,4.125,4.437,4.125,4.312,13950.0,0.0,1.0,3.09375,3.32775,3.09375,3.234,18600.0
2001-01-02,4.187,4.312,4.187,4.187,2400.0,0.0,1.0,3.14025,3.234,3.14025,3.14025,3200.0
2000-12-29,4.25,4.343,4.187,4.343,13650.0,0.0,1.0,3.1875,3.25725,3.14025,3.25725,18200.0
2000-12-28,4.687,4.75,4.187,4.187,48150.0,0.0,1.0,3.51525,3.5625,3.14025,3.14025,64200.0
2000-12-27,4.875,4.875,4.625,4.625,72000.0,0.0,1.0,3.65625,3.65625,3.46875,3.46875,96000.0
2000-12-26,4.69,4.87,4.69,4.87,90300.0,0.0,1.0,3.5175,3.6525,3.5175,3.6525,120400.0
2000-12-22,4.687,4.812,4.687,4.75,44550.0,0.0,1.0,3.51525,3.609,3.51525,3.5625,59400.0
2000-12-21,4.625,4.75,4.625,4.687,84375.0,0.0,1.0,3.46875,3.5625,3.46875,3.51525,112500.0
2000-12-20,4.625,4.875,4.437,4.875,76800.0,0.0,1.0,3.46875,3.65625,3.32775,3.65625,102400.0
2000-12-19,4.0,4.75,4.0,4.625,75975.0,0.0,1.0,3.0,3.5625,3.0,3.46875,101300.0
2000-12-18,4.0,4.093,4.0,4.062,148875.0,0.0,1.0,3.0,3.06975,3.0,3.0465,198500.0
2000-12-15,3.75,4.125,3.718,4.125,46275.0,0.0,1.0,2.8125,3.09375,2.7885,3.09375,61700.0
2000-12-14,3.75,3.75,3.687,3.687,30450.0,0.0,1.0,2.8125,2.8125,2.76525,2.76525,40600.0
2000-12-13,3.625,3.812,3.312,3.812,16350.0,0.0,1.0,2.71875,2.859,2.484,2.859,21800.0
2000-12-12,3.5,3.625,3.312,3.312,16500.0,0.0,1.0,2.625,2.71875,2.484,2.484,22000.0
2000-12-11,3.437,3.5,3.125,3.25,18675.0,0.0,1.0,2.57775,2.625,2.34375,2.4375,24900.0
2000-12-08,3.625,3.625,3.437,3.437,26850.0,0.0,1.0,2.71875,2.71875,2.57775,2.57775,35800.0
2000-12-07,3.5,3.625,3.437,3.5,23550.0,0.0,1.0,2.625,2.71875,2.57775,2.625,31400.0
2000-12-06,3.75,3.875,3.562,3.75,15675.0,0.0,1.0,2.8125,2.90625,2.6715,2.8125,20900.0
2000-12-05,4.0,4.0,3.875,3.875,23475.0,0.0,1.0,3.0,3.0,2.90625,2.90625,31300.0
2000-12-04,3.875,4.0,3.875,3.968,6375.0,0.0,1.0,2.90625,3.0,2.90625,2.9760000000000004,8500.0
2000-12-01,3.5,4.093,3.5,3.937,14775.0,0.0,1.0,2.625,3.06975,2.625,2.95275,19700.0
2000-11-30,3.875,3.875,3.437,3.75,8400.0,0.0,1.0,2.90625,2.90625,2.57775,2.8125,11200.0
2000-11-29,3.75,3.937,3.468,3.625,39975.0,0.0,1.0,2.8125,2.95275,2.6010000000000004,2.71875,53300.0
2000-11-28,3.437,3.625,3.437,3.5,14475.0,0.0,1.0,2.57775,2.71875,2.57775,2.625,19300.0
2000-11-27,3.5,3.625,3.312,3.437,11175.0,0.0,1.0,2.625,2.71875,2.484,2.57775,14900.0
2000-11-24,3.625,3.625,3.25,3.5,3375.0,0.0,1.0,2.71875,2.71875,2.4375,2.625,4500.0
2000-11-22,3.625,3.625,3.25,3.375,12375.0,0.0,1.0,2.71875,2.71875,2.4375,2.53125,16500.0
2000-11-21,3.968,3.968,3.625,3.687,31275.0,0.0,1.0,2.9760000000000004,2.9760000000000004,2.71875,2.76525,41700.0
2000-11-20,3.968,4.187,3.968,3.968,43575.0,0.0,1.0,2.9760000000000004,3.14025,2.9760000000000004,2.9760000000000004,58100.0
2000-11-17,3.968,4.062,3.968,3.968,4875.0,0.0,1.0,2.9760000000000004,3.0465,2.9760000000000004,2.9760000000000004,6500.0
2000-11-16,3.968,4.125,3.968,4.125,1050.0,0.0,1.0,2.9760000000000004,3.09375,2.9760000000000004,3.09375,1400.0
2000-11-15,3.937,4.062,3.937,3.968,35475.0,0.0,1.0,2.95275,3.0465,2.95275,2.9760000000000004,47300.0
2000-11-14,4.0,4.187,3.937,3.937,22950.0,0.0,1.0,3.0,3.14025,2.95275,2.95275,30600.0
2000-11-13,4.031000000000001,4.031000000000001,3.937,4.0,18375.0,0.0,1.0,3.02325,3.02325,2.95275,3.0,24500.0
2000-11-10,3.968,4.0,3.968,4.0,2400.0,0.0,1.0,2.9760000000000004,3.0,2.9760000000000004,3.0,3200.0
2000-11-09,4.031000000000001,4.062,3.937,4.0,18750.0,0.0,1.0,3.02325,3.0465,2.95275,3.0,25000.0
2000-11-08,4.093,4.093,3.937,4.0,15900.0,0.0,1.0,3.06975,3.06975,2.95275,3.0,21200.0
2000-11-07,4.0,4.062,3.937,4.031000000000001,32100.0,0.0,1.0,3.0,3.0465,2.95275,3.02325,42800.0
2000-11-06,4.25,4.25,4.125,4.187,11400.0,0.0,1.0,3.1875,3.1875,3.09375,3.14025,15200.0
2000-11-03,4.25,4.343,4.25,4.3,23400.0,0.0,1.0,3.1875,3.25725,3.1875,3.225,31200.0
2000-11-02,4.25,4.406000000000001,4.25,4.312,205350.0,0.0,1.0,3.1875,3.3045,3.1875,3.234,273800.0
2000-11-01,4.281000000000001,4.312,4.218,4.218,1650.0,0.0,1.0,3.21075,3.234,3.1635,3.1635,2200.0
2000-10-31,4.0,4.25,4.0,4.25,29775.0,0.0,1.0,3.0,3.1875,3.0,3.1875,39700.0
2000-10-30,3.875,4.062,3.875,4.062,51300.0,0.0,1.0,2.90625,3.0465,2.90625,3.0465,68400.0
2000-10-27,4.062,4.062,3.812,3.937,43950.0,0.0,1.0,3.0465,3.0465,2.859,2.95275,58600.0
2000-10-26,4.187,4.187,3.875,3.937,66975.0,0.0,1.0,3.14025,3.14025,2.90625,2.95275,89300.0
2000-10-25,4.25,4.25,4.0,4.0,58575.0,0.0,1.0,3.1875,3.1875,3.0,3.0,78100.0
2000-10-24,4.312,4.5,4.187,4.281000000000001,55650.0,0.0,1.0,3.234,3.375,3.14025,3.21075,74200.0
2000-10-23,3.968,4.25,3.968,4.25,12450.0,0.0,1.0,2.9760000000000004,3.1875,2.9760000000000004,3.1875,16600.0
2000-10-20,3.906,4.062,3.906,3.968,26700.0,0.0,1.0,2.9295,3.0465,2.9295,2.9760000000000004,35600.0
2000-10-19,3.906,3.906,3.843,3.843,2100.0,0.0,1.0,2.9295,2.9295,2.88225,2.88225,2800.0
2000-10-18,3.812,3.937,3.812,3.937,3975.0,0.0,1.0,2.859,2.95275,2.859,2.95275,5300.0
2000-10-17,3.937,4.0,3.875,3.875,11100.0,0.0,1.0,2.95275,3.0,2.90625,2.90625,14800.0
2000-10-16,3.625,4.062,3.625,3.812,36075.0,0.0,1.0,2.71875,3.0465,2.71875,2.859,48100.0
2000-10-13,3.687,4.062,3.687,4.0,18675.0,0.0,1.0,2.76525,3.0465,2.76525,3.0,24900.0
2000-10-12,4.0,4.062,3.75,3.75,8550.0,0.0,1.0,3.0,3.0465,2.8125,2.8125,11400.0
2000-10-11,4.0,4.25,3.875,3.875,6975.0,0.0,1.0,3.0,3.1875,2.90625,2.90625,9300.0
2000-10-10,4.0,4.125,4.0,4.125,6450.0,0.0,1.0,3.0,3.09375,3.0,3.09375,8600.0
2000-10-09,4.0,4.125,4.0,4.0,10200.0,0.0,1.0,3.0,3.09375,3.0,3.0,13600.0
2000-10-06,4.0,4.0,4.0,4.0,375.0,0.0,1.0,3.0,3.0,3.0,3.0,500.0
2000-10-05,4.25,4.25,4.0,4.25,5850.0,0.0,1.0,3.1875,3.1875,3.0,3.1875,7800.0
2000-10-04,4.0,4.25,4.0,4.25,375.0,0.0,1.0,3.0,3.1875,3.0,3.1875,500.0
2000-10-03,3.937,4.375,3.937,4.0,4200.0,0.0,1.0,2.95275,3.28125,2.95275,3.0,5600.0
2000-10-02,4.25,4.25,4.25,4.25,0.0,0.0,1.0,3.1875,3.1875,3.1875,3.1875,0.0
2000-09-29,3.875,4.25,3.875,4.25,17475.0,0.0,1.0,2.90625,3.1875,2.90625,3.1875,23300.0
2000-09-28,4.375,4.375,4.375,4.375,150.0,0.0,1.0,3.28125,3.28125,3.28125,3.28125,200.0
2000-09-27,4.125,4.375,4.125,4.375,3000.0,0.0,1.0,3.09375,3.28125,3.09375,3.28125,4000.0
2000-09-26,4.06,4.06,4.06,4.06,0.0,0.0,1.0,3.045,3.045,3.045,3.045,0.0
2000-09-25,4.125,4.125,4.062,4.062,3150.0,0.0,1.0,3.09375,3.09375,3.0465,3.0465,4200.0
2000-09-22,4.125,4.187,4.062,4.062,8475.0,0.0,1.0,3.09375,3.14025,3.0465,3.0465,11300.0
2000-09-21,4.25,4.25,4.125,4.25,16800.0,0.0,1.0,3.1875,3.1875,3.09375,3.1875,22400.0
2000-09-20,4.25,4.25,4.0,4.25,15750.0,0.0,1.0,3.1875,3.1875,3.0,3.1875,21000.0
2000-09-19,4.031000000000001,4.156000000000001,3.843,4.125,11100.0,0.0,1.0,3.02325,3.117,2.88225,3.09375,14800.0
2000-09-18,4.062,4.062,3.937,4.0,23475.0,0.0,1.0,3.0465,3.0465,2.95275,3.0,31300.0
2000-09-15,3.875,4.25,3.687,4.25,95775.0,0.0,1.0,2.90625,3.1875,2.76525,3.1875,127700.0
2000-09-14,3.937,4.0,3.875,4.0,11175.0,0.0,1.0,2.95275,3.0,2.90625,3.0,14900.0
2000-09-13,4.125,4.125,3.937,3.937,13650.0,0.0,1.0,3.09375,3.09375,2.95275,2.95275,18200.0
2000-09-12,4.187,4.25,3.75,4.0,29550.0,0.0,1.0,3.14025,3.1875,2.8125,3.0,39400.0
2000-09-11,4.5,4.5,4.187,4.25,12150.0,0.0,1.0,3.375,3.375,3.14025,3.1875,16200.0
2000-09-08,4.593,4.593,4.0,4.25,77700.0,0.0,1.0,3.44475,3.44475,3.0,3.1875,103600.0
2000-09-07,4.593,4.593,4.375,4.437,17700.0,0.0,1.0,3.44475,3.44475,3.28125,3.32775,23600.0
2000-09-06,4.625,4.875,4.625,4.875,3375.0,0.0,1.0,3.46875,3.65625,3.46875,3.65625,4500.0
2000-09-05,4.75,4.812,4.625,4.812,6000.0,0.0,1.0,3.5625,3.609,3.46875,3.609,8000.0
2000-09-01,4.062,5.0,3.937,5.0,67350.0,0.0,1.0,3.0465,3.75,2.95275,3.75,89800.0
2000-08-31,4.125,4.125,3.625,3.937,19875.0,0.0,1.0,3.09375,3.09375,2.71875,2.95275,26500.0
2000-08-30,4.437,4.437,4.312,4.312,12300.0,0.0,1.0,3.32775,3.32775,3.234,3.234,16400.0
2000-08-29,4.375,4.437,4.375,4.437,4275.0,0.0,1.0,3.28125,3.32775,3.28125,3.32775,5700.0
2000-08-28,4.375,4.468,4.312,4.437,13275.0,0.0,1.0,3.28125,3.3510000000000004,3.234,3.32775,17700.0
2000-08-25,4.343,4.437,4.25,4.343,69450.0,0.0,1.0,3.25725,3.32775,3.1875,3.25725,92600.0
2000-08-24,4.625,4.75,4.437,4.5,10200.0,0.0,1.0,3.46875,3.5625,3.32775,3.375,13600.0
2000-08-23,4.687,4.687,4.437,4.437,13275.0,0.0,1.0,3.51525,3.51525,3.32775,3.32775,17700.0
2000-08-22,4.5,4.625,4.375,4.625,6750.0,0.0,1.0,3.375,3.46875,3.28125,3.46875,9000.0
2000-08-21,4.625,4.625,4.5,4.5,6900.0,0.0,1.0,3.46875,3.46875,3.375,3.375,9200.0
2000-08-18,4.625,4.625,4.5,4.5,6300.0,0.0,1.0,3.46875,3.46875,3.375,3.375,8400.0
2000-08-17,5.0,5.0,4.625,4.656000000000001,13650.0,0.0,1.0,3.75,3.75,3.46875,3.492,18200.0
2000-08-16,4.937,5.125,4.937,5.0,4200.0,0.0,1.0,3.70275,3.84375,3.70275,3.75,5600.0
2000-08-15,4.937,5.093,4.937,5.0,6675.0,0.0,1.0,3.70275,3.81975,3.70275,3.75,8900.0
2000-08-14,5.0,5.156000000000001,4.937,4.94,33450.0,0.0,1.0,3.75,3.867,3.70275,3.705,44600.0
2000-08-11,5.0,5.031000000000001,4.937,4.937,14475.0,0.0,1.0,3.75,3.77325,3.70275,3.70275,19300.0
2000-08-10,5.125,5.125,4.968,5.0,7875.0,0.0,1.0,3.84375,3.84375,3.7260000000000004,3.75,10500.0
2000-08-09,5.062,5.156000000000001,4.968,4.968,3975.0,0.0,1.0,3.7965,3.867,3.7260000000000004,3.7260000000000004,5300.0
2000-08-08,5.062,5.062,4.937,4.968,19650.0,0.0,1.0,3.7965,3.7965,3.70275,3.7260000000000004,26200.0
2000-08-07,5.062,5.093,4.812,5.062,47250.0,0.0,1.0,3.7965,3.81975,3.609,3.7965,63000.0
2000-08-04,4.75,5.125,4.687,5.125,44175.0,0.0,1.0,3.5625,3.84375,3.51525,3.84375,58900.0
2000-08-03,5.0,5.0,4.625,4.875,20400.0,0.0,1.0,3.75,3.75,3.46875,3.65625,27200.0
2000-08-02,4.312,4.812,4.312,4.75,49500.0,0.0,1.0,3.234,3.609,3.234,3.5625,66000.0
2000-08-01,4.312,4.437,4.25,4.437,5550.0,0.0,1.0,3.234,3.32775,3.1875,3.32775,7400.0
2000-07-31,4.375,4.375,4.0,4.312,9150.0,0.0,1.0,3.28125,3.28125,3.0,3.234,12200.0
2000-07-28,4.312,4.5,3.937,4.0,90900.0,0.0,1.0,3.234,3.375,2.95275,3.0,121200.0
2000-07-27,4.125,4.375,4.125,4.375,36300.0,0.0,1.0,3.09375,3.28125,3.09375,3.28125,48400.0
2000-07-26,4.375,4.562,4.25,4.25,10275.0,0.0,1.0,3.28125,3.4215,3.1875,3.1875,13700.0
2000-07-25,4.0,4.125,3.812,4.125,22800.0,0.0,1.0,3.0,3.09375,2.859,3.09375,30400.0
2000-07-24,3.937,4.0,3.625,3.687,20700.0,0.0,1.0,2.95275,3.0,2.71875,2.76525,27600.0
2000-07-21,3.906,4.062,3.906,3.937,9375.0,0.0,1.0,2.9295,3.0465,2.9295,2.95275,12500.0
2000-07-20,3.94,3.94,3.94,3.94,0.0,0.0,1.0,2.955,2.955,2.955,2.955,0.0
2000-07-19,4.25,4.25,3.937,3.937,18675.0,0.0,1.0,3.1875,3.1875,2.95275,2.95275,24900.0
2000-07-18,4.25,4.437,4.125,4.25,20400.0,0.0,1.0,3.1875,3.32775,3.09375,3.1875,27200.0
2000-07-17,3.562,4.25,3.375,4.25,58275.0,0.0,1.0,2.6715,3.1875,2.53125,3.1875,77700.0
2000-07-14,3.375,3.5,3.187,3.437,18375.0,0.0,1.0,2.53125,2.625,2.39025,2.57775,24500.0
2000-07-13,3.0,3.375,3.0,3.375,37500.0,0.0,1.0,2.25,2.53125,2.25,2.53125,50000.0
2000-07-12,3.062,3.125,2.968,2.968,34275.0,0.0,1.0,2.2965,2.34375,2.226,2.226,45700.0
2000-07-11,2.875,3.062,2.875,3.062,2700.0,0.0,1.0,2.15625,2.2965,2.15625,2.2965,3600.0
2000-07-10,2.875,3.0,2.75,3.0,7800.0,0.0,1.0,2.15625,2.25,2.0625,2.25,10400.0
2000-07-07,3.0,3.0,2.875,2.875,7875.0,0.0,1.0,2.25,2.25,2.15625,2.15625,10500.0
2000-07-06,3.0,3.0,2.875,3.0,4350.0,0.0,1.0,2.25,2.25,2.15625,2.25,5800.0
2000-07-05,3.03,3.03,2.906,3.02,41550.0,0.0,1.0,2.2725,2.2725,2.1795,2.265,55400.0
2000-07-03,2.94,2.94,2.94,2.94,0.0,0.0,1.0,2.205,2.205,2.205,2.205,0.0
2000-06-30,2.75,3.062,2.75,2.937,61200.0,0.0,1.0,2.0625,2.2965,2.0625,2.20275,81600.0
2000-06-29,2.5,2.687,2.5,2.687,3750.0,0.0,1.0,1.875,2.01525,1.875,2.01525,5000.0
2000-06-28,2.5,2.5,2.5,2.5,0.0,0.0,1.0,1.875,1.875,1.875,1.875,0.0
2000-06-27,2.25,2.5,2.25,2.5,2475.0,0.0,1.0,1.6875,1.875,1.6875,1.875,3300.0
2000-06-26,2.312,2.5,2.0,2.375,25350.0,0.0,1.0,1.734,1.875,1.5,1.78125,33800.0
2000-06-23,2.375,2.5,2.25,2.375,17850.0,0.0,1.0,1.78125,1.875,1.6875,1.78125,23800.0
2000-06-22,2.406,2.406,2.375,2.375,1200.0,0.0,1.0,1.8045,1.8045,1.78125,1.78125,1600.0
2000-06-21,2.187,2.437,2.125,2.437,11850.0,0.0,1.0,1.64025,1.82775,1.59375,1.82775,15800.0
2000-06-20,2.125,2.125,2.0,2.125,4575.0,0.0,1.0,1.59375,1.59375,1.5,1.59375,6100.0
2000-06-19,2.125,2.125,2.0,2.125,23775.0,0.0,1.0,1.59375,1.59375,1.5,1.59375,31700.0
2000-06-16,2.375,2.375,2.25,2.25,12975.0,0.0,1.0,1.78125,1.78125,1.6875,1.6875,17300.0
2000-06-15,2.437,2.437,2.25,2.25,10875.0,0.0,1.0,1.82775,1.82775,1.6875,1.6875,14500.0
2000-06-14,2.562,2.562,2.375,2.375,4050.0,0.0,1.0,1.9215,1.9215,1.78125,1.78125,5400.0
2000-06-13,2.75,2.812,2.5,2.562,7575.0,0.0,1.0,2.0625,2.109,1.875,1.9215,10100.0
2000-06-12,2.625,2.75,2.625,2.75,3000.0,0.0,1.0,1.96875,2.0625,1.96875,2.0625,4000.0
2000-06-09,2.312,2.625,2.312,2.625,2250.0,0.0,1.0,1.734,1.96875,1.734,1.96875,3000.0
2000-06-08,2.0,2.25,2.0,2.25,9075.0,0.0,1.0,1.5,1.6875,1.5,1.6875,12100.0
2000-06-07,2.031,2.187,2.0,2.125,13500.0,0.0,1.0,1.52325,1.64025,1.5,1.59375,18000.0
2000-06-06,1.9680000000000002,2.062,1.9680000000000002,2.062,27900.0,0.0,1.0,1.476,1.5465,1.476,1.5465,37200.0
2000-06-05,1.9680000000000002,2.031,1.9369999999999998,1.9680000000000002,34500.0,0.0,1.0,1.476,1.52325,1.45275,1.476,46000.0
2000-06-02,2.125,2.125,1.9369999999999998,2.0,4050.0,0.0,1.0,1.59375,1.59375,1.45275,1.5,5400.0
2000-06-01,1.9369999999999998,2.031,1.9369999999999998,2.031,4500.0,0.0,1.0,1.45275,1.52325,1.45275,1.52325,6000.0
2000-05-31,2.25,2.25,2.0,2.062,4875.0,0.0,1.0,1.6875,1.6875,1.5,1.5465,6500.0
2000-05-30,2.187,2.187,2.187,2.187,675.0,0.0,1.0,1.64025,1.64025,1.64025,1.64025,900.0
2000-05-26,2.25,2.25,1.9369999999999998,1.9369999999999998,34050.0,0.0,1.0,1.6875,1.6875,1.45275,1.45275,45400.0
2000-05-25,1.875,2.562,1.875,2.562,13650.0,0.0,1.0,1.40625,1.9215,1.40625,1.9215,18200.0
2000-05-24,2.437,2.437,1.062,1.875,93300.0,0.0,1.0,1.82775,1.82775,0.7965,1.40625,124400.0
2000-05-23,2.687,2.687,2.0,2.5,105000.0,0.0,1.0,2.01525,2.01525,1.5,1.875,140000.0
2000-05-22,2.45,2.937,2.437,2.937,13500.0,0.0,1.0,1.8375,2.20275,1.82775,2.20275,18000.0
2000-05-19,2.437,2.5,2.437,2.437,4500.0,0.0,1.0,1.82775,1.875,1.82775,1.82775,6000.0
2000-05-18,2.44,2.44,2.44,2.44,0.0,0.0,1.0,1.83,1.83,1.83,1.83,0.0
2000-05-17,2.5,2.5,2.437,2.437,4275.0,0.0,1.0,1.875,1.875,1.82775,1.82775,5700.0
2000-05-16,2.75,2.75,2.75,2.75,0.0,0.0,1.0,2.0625,2.0625,2.0625,2.0625,0.0
2000-05-15,2.75,2.75,2.75,2.75,2100.0,0.0,1.0,2.0625,2.0625,2.0625,2.0625,2800.0
2000-05-12,2.75,2.75,2.75,2.75,675.0,0.0,1.0,2.0625,2.0625,2.0625,2.0625,900.0
2000-05-11,2.44,2.44,2.44,2.44,0.0,0.0,1.0,1.83,1.83,1.83,1.83,0.0
2000-05-10,2.437,2.5,2.437,2.437,2250.0,0.0,1.0,1.82775,1.875,1.82775,1.82775,3000.0
2000-05-09,2.437,2.437,2.437,2.437,975.0,0.0,1.0,1.82775,1.82775,1.82775,1.82775,1300.0
2000-05-08,2.75,2.75,2.437,2.5,5775.0,0.0,1.0,2.0625,2.0625,1.82775,1.875,7700.0
2000-05-05,2.75,2.75,2.75,2.75,675.0,0.0,1.0,2.0625,2.0625,2.0625,2.0625,900.0
2000-05-04,2.75,3.062,2.75,3.062,2850.0,0.0,1.0,2.0625,2.2965,2.0625,2.2965,3800.0
2000-05-03,2.812,2.937,2.812,2.937,2475.0,0.0,1.0,2.109,2.20275,2.109,2.20275,3300.0
2000-05-02,2.687,3.062,2.687,3.06,10350.0,0.0,1.0,2.01525,2.2965,2.01525,2.295,13800.0
2000-05-01,2.437,2.687,2.437,2.687,2550.0,0.0,1.0,1.82775,2.01525,1.82775,2.01525,3400.0
2000-04-28,2.437,2.562,2.437,2.437,11400.0,0.0,1.0,1.82775,1.9215,1.82775,1.82775,15200.0
2000-04-27,2.75,2.75,2.437,2.75,300.0,0.0,1.0,2.0625,2.0625,1.82775,2.0625,400.0
2000-04-26,2.5,2.687,2.5,2.5,3975.0,0.0,1.0,1.875,2.01525,1.875,1.875,5300.0
2000-04-25,2.5,2.5,2.437,2.437,2100.0,0.0,1.0,1.875,1.875,1.82775,1.82775,2800.0
2000-04-24,2.437,2.625,2.437,2.625,16800.0,0.0,1.0,1.82775,1.96875,1.82775,1.96875,22400.0
2000-04-20,2.125,2.5,2.125,2.5,6075.0,0.0,1.0,1.59375,1.875,1.59375,1.875,8100.0
2000-04-19,2.125,2.125,2.125,2.125,375.0,0.0,1.0,1.59375,1.59375,1.59375,1.59375,500.0
2000-04-18,2.5,2.5,2.125,2.25,4575.0,0.0,1.0,1.875,1.875,1.59375,1.6875,6100.0
2000-04-17,2.687,2.687,2.125,2.125,2550.0,0.0,1.0,2.01525,2.01525,1.59375,1.59375,3400.0
2000-04-14,2.625,2.625,2.437,2.5,18600.0,0.0,1.0,1.96875,1.96875,1.82775,1.875,24800.0
2000-04-13,2.562,2.625,2.5,2.5,5850.0,0.0,1.0,1.9215,1.96875,1.875,1.875,7800.0
2000-04-12,2.687,2.687,2.625,2.625,3000.0,0.0,1.0,2.01525,2.01525,1.96875,1.96875,4000.0
2000-04-11,2.75,2.968,2.687,2.968,8550.0,0.0,1.0,2.0625,2.226,2.01525,2.226,11400.0
2000-04-10,2.968,2.968,2.687,2.968,675.0,0.0,1.0,2.226,2.226,2.01525,2.226,900.0
2000-04-07,2.875,2.875,2.687,2.687,1800.0,0.0,1.0,2.15625,2.15625,2.01525,2.01525,2400.0
2000-04-06,2.937,2.937,2.937,2.937,1950.0,0.0,1.0,2.20275,2.20275,2.20275,2.20275,2600.0
2000-04-05,2.843,2.968,2.843,2.875,5475.0,0.0,1.0,2.13225,2.226,2.13225,2.15625,7300.0
2000-04-04,2.843,2.968,2.843,2.968,2700.0,0.0,1.0,2.13225,2.226,2.13225,2.226,3600.0
2000-04-03,2.75,3.062,2.75,2.937,20175.0,0.0,1.0,2.0625,2.2965,2.0625,2.20275,26900.0
2000-03-31,2.875,3.062,2.75,2.75,6975.0,0.0,1.0,2.15625,2.2965,2.0625,2.0625,9300.0
2000-03-30,2.937,3.125,2.875,2.937,16050.0,0.0,1.0,2.20275,2.34375,2.15625,2.20275,21400.0
2000-03-29,3.062,3.062,2.625,2.906,20475.0,0.0,1.0,2.2965,2.2965,1.96875,2.1795,27300.0
2000-03-28,2.875,3.125,2.75,3.125,25650.0,0.0,1.0,2.15625,2.34375,2.0625,2.34375,34200.0
2000-03-27,3.0,3.0,3.0,3.0,18150.0,0.0,1.0,2.25,2.25,2.25,2.25,24200.0
2000-03-24,2.625,3.125,2.625,2.625,17475.0,0.0,1.0,1.96875,2.34375,1.96875,1.96875,23300.0
2000-03-23,2.75,2.937,2.625,2.625,42375.0,0.0,1.0,2.0625,2.20275,1.96875,1.96875,56500.0
2000-03-22,3.093,3.093,2.75,2.75,12075.0,0.0,1.0,2.31975,2.31975,2.0625,2.0625,16100.0
2000-03-21,3.093,3.093,2.968,3.0,5100.0,0.0,1.0,2.31975,2.31975,2.226,2.25,6800.0
2000-03-20,3.0,3.031,2.968,2.968,14550.0,0.0,1.0,2.25,2.27325,2.226,2.226,19400.0
2000-03-17,2.75,2.812,2.75,2.75,10500.0,0.0,1.0,2.0625,2.109,2.0625,2.0625,14000.0
2000-03-16,2.75,3.0,2.75,2.812,5550.0,0.0,1.0,2.0625,2.25,2.0625,2.109,7400.0
2000-03-15,2.625,3.062,2.625,2.75,2775.0,0.0,1.0,1.96875,2.2965,1.96875,2.0625,3700.0
2000-03-14,2.625,3.062,2.625,2.625,4950.0,0.0,1.0,1.96875,2.2965,1.96875,1.96875,6600.0
2000-03-13,3.0,3.125,2.875,3.062,24375.0,0.0,1.0,2.25,2.34375,2.15625,2.2965,32500.0
2000-03-10,2.875,3.0,2.875,3.0,1275.0,0.0,1.0,2.15625,2.25,2.15625,2.25,1700.0
2000-03-09,2.812,3.062,2.625,2.75,10950.0,0.0,1.0,2.109,2.2965,1.96875,2.0625,14600.0
2000-03-08,2.937,2.937,2.812,2.937,3450.0,0.0,1.0,2.20275,2.20275,2.109,2.20275,4600.0
2000-03-07,3.062,3.062,2.812,3.062,1875.0,0.0,1.0,2.2965,2.2965,2.109,2.2965,2500.0
2000-03-06,3.062,3.062,2.812,2.812,1050.0,0.0,1.0,2.2965,2.2965,2.109,2.109,1400.0
2000-03-03,2.937,3.062,2.875,3.062,21000.0,0.0,1.0,2.20275,2.2965,2.15625,2.2965,28000.0
2000-03-02,2.812,3.0,2.75,2.75,20700.0,0.0,1.0,2.109,2.25,2.0625,2.0625,27600.0
2000-03-01,2.625,2.812,2.5,2.812,19500.0,0.0,1.0,1.96875,2.109,1.875,2.109,26000.0
2000-02-29,2.75,2.75,2.75,2.75,0.0,0.0,1.0,2.0625,2.0625,2.0625,2.0625,0.0
2000-02-28,2.875,2.875,2.75,2.75,7200.0,0.0,1.0,2.15625,2.15625,2.0625,2.0625,9600.0
2000-02-25,2.25,2.937,2.25,2.875,16800.0,0.0,1.0,1.6875,2.20275,1.6875,2.15625,22400.0
2000-02-24,2.875,2.875,2.625,2.75,7275.0,0.0,1.0,2.15625,2.15625,1.96875,2.0625,9700.0
2000-02-23,2.812,2.812,2.75,2.75,5700.0,0.0,1.0,2.109,2.109,2.0625,2.0625,7600.0
2000-02-22,2.812,2.937,2.625,2.875,43950.0,0.0,1.0,2.109,2.20275,1.96875,2.15625,58600.0
2000-02-18,2.75,2.812,2.562,2.812,8475.0,0.0,1.0,2.0625,2.109,1.9215,2.109,11300.0
2000-02-17,2.687,2.687,2.562,2.687,5775.0,0.0,1.0,2.01525,2.01525,1.9215,2.01525,7700.0
2000-02-16,2.562,2.562,2.562,2.562,150.0,0.0,1.0,1.9215,1.9215,1.9215,1.9215,200.0
2000-02-15,2.75,2.75,2.75,2.75,4500.0,0.0,1.0,2.0625,2.0625,2.0625,2.0625,6000.0
2000-02-14,2.625,2.75,2.625,2.625,1200.0,0.0,1.0,1.96875,2.0625,1.96875,1.96875,1600.0
2000-02-11,2.625,2.625,2.625,2.625,3000.0,0.0,1.0,1.96875,1.96875,1.96875,1.96875,4000.0
2000-02-10,2.375,2.625,2.375,2.625,4500.0,0.0,1.0,1.78125,1.96875,1.78125,1.96875,6000.0
2000-02-09,2.625,2.625,2.5,2.562,24300.0,0.0,1.0,1.96875,1.96875,1.875,1.9215,32400.0
2000-02-08,2.687,2.812,2.687,2.75,17100.0,0.0,1.0,2.01525,2.109,2.01525,2.0625,22800.0
2000-02-07,2.687,2.687,2.5,2.625,19875.0,0.0,1.0,2.01525,2.01525,1.875,1.96875,26500.0
2000-02-04,2.5,2.625,2.5,2.625,10875.0,0.0,1.0,1.875,1.96875,1.875,1.96875,14500.0
2000-02-03,2.25,2.375,2.25,2.375,5250.0,0.0,1.0,1.6875,1.78125,1.6875,1.78125,7000.0
2000-02-02,2.375,2.375,2.375,2.375,1500.0,0.0,1.0,1.78125,1.78125,1.78125,1.78125,2000.0
2000-02-01,2.312,2.312,2.312,2.312,1575.0,0.0,1.0,1.734,1.734,1.734,1.734,2100.0
2000-01-31,2.25,2.312,2.25,2.25,7800.0,0.0,1.0,1.6875,1.734,1.6875,1.6875,10400.0
2000-01-28,2.625,2.812,2.125,2.125,84375.0,0.0,1.0,1.96875,2.109,1.59375,1.59375,112500.0
2000-01-27,2.812,2.812,2.5,2.562,9450.0,0.0,1.0,2.109,2.109,1.875,1.9215,12600.0
2000-01-26,2.75,2.937,2.5,2.812,41475.0,0.0,1.0,2.0625,2.20275,1.875,2.109,55300.0
2000-01-25,2.687,2.687,2.562,2.687,18600.0,0.0,1.0,2.01525,2.01525,1.9215,2.01525,24800.0
2000-01-24,1.75,2.75,1.3119999999999998,2.687,98700.0,0.0,1.0,1.3125,2.0625,0.9840000000000001,2.01525,131600.0
2000-01-21,1.8119999999999998,1.9369999999999998,1.8119999999999998,1.875,7050.0,0.0,1.0,1.359,1.45275,1.359,1.40625,9400.0
2000-01-20,1.8119999999999998,1.8119999999999998,1.625,1.8119999999999998,1950.0,0.0,1.0,1.359,1.359,1.21875,1.359,2600.0
2000-01-19,1.9369999999999998,1.9369999999999998,1.75,1.75,7950.0,0.0,1.0,1.45275,1.45275,1.3125,1.3125,10600.0
2000-01-18,1.875,1.875,1.875,1.875,450.0,0.0,1.0,1.40625,1.40625,1.40625,1.40625,600.0
2000-01-14,1.75,1.875,1.625,1.875,3675.0,0.0,1.0,1.3125,1.40625,1.21875,1.40625,4900.0
2000-01-13,1.875,1.875,1.75,1.875,3375.0,0.0,1.0,1.40625,1.40625,1.3125,1.40625,4500.0
2000-01-12,1.875,1.875,1.8119999999999998,1.875,2700.0,0.0,1.0,1.40625,1.40625,1.359,1.40625,3600.0
2000-01-11,1.75,1.75,1.625,1.625,9750.0,0.0,1.0,1.3125,1.3125,1.21875,1.21875,13000.0
2000-01-10,1.8119999999999998,1.8119999999999998,1.6869999999999998,1.8119999999999998,5850.0,0.0,1.0,1.359,1.359,1.26525,1.359,7800.0
2000-01-07,1.5619999999999998,1.8119999999999998,1.5,1.8119999999999998,6675.0,0.0,1.0,1.1715,1.359,1.125,1.359,8900.0
2000-01-06,1.4369999999999998,1.5,1.4369999999999998,1.5,5475.0,0.0,1.0,1.07775,1.125,1.07775,1.125,7300.0
2000-01-05,1.4369999999999998,1.4369999999999998,1.4369999999999998,1.4369999999999998,3150.0,0.0,1.0,1.07775,1.07775,1.07775,1.07775,4200.0
2000-01-04,1.375,1.4369999999999998,1.375,1.4369999999999998,3075.0,0.0,1.0,1.03125,1.07775,1.03125,1.07775,4100.0
2000-01-03,1.37,1.37,1.37,1.37,0.0,0.0,1.0,1.0275,1.0275,1.0275,1.0275,0.0
1999-12-31,1.4369999999999998,1.4369999999999998,1.375,1.375,3975.0,0.0,1.0,1.07775,1.07775,1.03125,1.03125,5300.0
1999-12-30,1.4369999999999998,1.531,1.375,1.375,9075.0,0.0,1.0,1.07775,1.14825,1.03125,1.03125,12100.0
1999-12-29,1.531,1.531,1.4369999999999998,1.4369999999999998,1050.0,0.0,1.0,1.14825,1.14825,1.07775,1.07775,1400.0
1999-12-28,1.4369999999999998,1.531,1.4369999999999998,1.4369999999999998,6975.0,0.0,1.0,1.07775,1.14825,1.07775,1.07775,9300.0
1999-12-27,1.5,1.531,1.406,1.4369999999999998,17700.0,0.0,1.0,1.125,1.14825,1.0545,1.07775,23600.0
1999-12-23,1.375,1.45,1.375,1.4369999999999998,3300.0,0.0,1.0,1.03125,1.0875,1.03125,1.07775,4400.0
1999-12-22,1.5,1.5,1.406,1.45,4950.0,0.0,1.0,1.125,1.125,1.0545,1.0875,6600.0
1999-12-21,1.375,1.5619999999999998,1.375,1.375,3750.0,0.0,1.0,1.03125,1.1715,1.03125,1.03125,5000.0
1999-12-20,1.375,1.6869999999999998,1.375,1.5619999999999998,25200.0,0.0,1.0,1.03125,1.26525,1.03125,1.1715,33600.0
1999-12-17,1.5,1.5,1.5,1.5,4800.0,0.0,1.0,1.125,1.125,1.125,1.125,6400.0
1999-12-16,1.5619999999999998,1.6869999999999998,1.5619999999999998,1.5619999999999998,3675.0,0.0,1.0,1.1715,1.26525,1.1715,1.1715,4900.0
1999-12-15,1.4369999999999998,1.625,1.375,1.625,18150.0,0.0,1.0,1.07775,1.21875,1.03125,1.21875,24200.0
1999-12-14,1.406,1.4369999999999998,1.406,1.4369999999999998,5475.0,0.0,1.0,1.0545,1.07775,1.0545,1.07775,7300.0
1999-12-13,1.375,1.5,1.375,1.5,5550.0,0.0,1.0,1.03125,1.125,1.03125,1.125,7400.0
1999-12-10,1.75,1.875,1.375,1.5619999999999998,57075.0,0.0,1.0,1.3125,1.40625,1.03125,1.1715,76100.0
1999-12-09,1.5,1.5,1.375,1.4369999999999998,3075.0,0.0,1.0,1.125,1.125,1.03125,1.07775,4100.0
1999-12-08,1.4369999999999998,1.4369999999999998,1.406,1.406,1950.0,0.0,1.0,1.07775,1.07775,1.0545,1.0545,2600.0
1999-12-07,1.5,1.5619999999999998,1.4369999999999998,1.52,30150.0,0.0,1.0,1.125,1.1715,1.07775,1.14,40200.0
1999-12-06,1.375,1.4369999999999998,1.375,1.4369999999999998,2400.0,0.0,1.0,1.03125,1.07775,1.03125,1.07775,3200.0
1999-12-03,1.375,1.375,1.375,1.375,975.0,0.0,1.0,1.03125,1.03125,1.03125,1.03125,1300.0
1999-12-02,1.375,1.375,1.375,1.375,375.0,0.0,1.0,1.03125,1.03125,1.03125,1.03125,500.0
1999-12-01,1.4369999999999998,1.4369999999999998,1.4369999999999998,1.4369999999999998,2475.0,0.0,1.0,1.07775,1.07775,1.07775,1.07775,3300.0
1999-11-30,1.3119999999999998,1.3119999999999998,1.3119999999999998,1.3119999999999998,150.0,0.0,1.0,0.9840000000000001,0.9840000000000001,0.9840000000000001,0.9840000000000001,200.0
1999-11-29,1.4369999999999998,1.5,1.25,1.25,15900.0,0.0,1.0,1.07775,1.125,0.9375,0.9375,21200.0
1999-11-26,1.5,1.5,1.4369999999999998,1.4369999999999998,7050.0,0.0,1.0,1.125,1.125,1.07775,1.07775,9400.0
1999-11-24,1.4369999999999998,1.4369999999999998,1.375,1.375,2475.0,0.0,1.0,1.07775,1.07775,1.03125,1.03125,3300.0
1999-11-23,1.187,1.375,1.187,1.375,6450.0,0.0,1.0,0.89025,1.03125,0.89025,1.03125,8600.0
1999-11-22,1.25,1.3119999999999998,1.25,1.3119999999999998,11250.0,0.0,1.0,0.9375,0.9840000000000001,0.9375,0.9840000000000001,15000.0
1999-11-19,1.3119999999999998,1.3119999999999998,1.25,1.3119999999999998,7950.0,0.0,1.0,0.9840000000000001,0.9840000000000001,0.9375,0.9840000000000001,10600.0
1999-11-18,1.4369999999999998,1.5619999999999998,1.187,1.375,70800.0,0.0,1.0,1.07775,1.1715,0.89025,1.03125,94400.0
1999-11-17,1.5,1.5619999999999998,1.5,1.5,6075.0,0.0,1.0,1.125,1.1715,1.125,1.125,8100.0
1999-11-16,1.375,1.5,1.375,1.5,5100.0,0.0,1.0,1.03125,1.125,1.03125,1.125,6800.0
1999-11-15,1.375,1.5,1.3119999999999998,1.5,12750.0,0.0,1.0,1.03125,1.125,0.9840000000000001,1.125,17000.0
1999-11-12,1.375,1.5,1.3119999999999998,1.5,9975.0,0.0,1.0,1.03125,1.125,0.9840000000000001,1.125,13300.0
1999-11-11,1.375,1.375,1.25,1.3430000000000002,39900.0,0.0,1.0,1.03125,1.03125,0.9375,1.00725,53200.0
1999-11-10,1.3119999999999998,1.3119999999999998,1.0,1.3119999999999998,115275.0,0.0,1.0,0.9840000000000001,0.9840000000000001,0.75,0.9840000000000001,153700.0
1999-11-09,1.4369999999999998,1.5,1.4369999999999998,1.4369999999999998,4950.0,0.0,1.0,1.07775,1.125,1.07775,1.07775,6600.0
1999-11-08,1.5,1.5,1.5,1.5,0.0,0.0,1.0,1.125,1.125,1.125,1.125,0.0
1999-11-05,1.4369999999999998,1.5619999999999998,1.4369999999999998,1.5,9975.0,0.0,1.0,1.07775,1.1715,1.07775,1.125,13300.0
1999-11-04,1.4369999999999998,1.5619999999999998,1.4369999999999998,1.5,6975.0,0.0,1.0,1.07775,1.1715,1.07775,1.125,9300.0
1999-11-03,1.4680000000000002,1.4680000000000002,1.4680000000000002,1.4680000000000002,2250.0,0.0,1.0,1.101,1.101,1.101,1.101,3000.0
1999-11-02,1.5,1.5930000000000002,1.5,1.5930000000000002,3375.0,0.0,1.0,1.125,1.19475,1.125,1.19475,4500.0
1999-11-01,1.375,1.5,1.375,1.5,1500.0,0.0,1.0,1.03125,1.125,1.03125,1.125,2000.0
1999-10-29,1.5930000000000002,1.5930000000000002,1.5,1.5,6000.0,0.0,1.0,1.19475,1.19475,1.125,1.125,8000.0
1999-10-28,1.375,1.375,1.375,1.375,975.0,0.0,1.0,1.03125,1.03125,1.03125,1.03125,1300.0
1999-10-27,1.37,1.37,1.37,1.37,0.0,0.0,1.0,1.0275,1.0275,1.0275,1.0275,0.0
1999-10-26,1.37,1.37,1.37,1.37,0.0,0.0,1.0,1.0275,1.0275,1.0275,1.0275,0.0
1999-10-25,1.187,1.375,1.187,1.375,3000.0,0.0,1.0,0.89025,1.03125,0.89025,1.03125,4000.0
1999-10-22,1.5,1.5,1.187,1.187,14700.0,0.0,1.0,1.125,1.125,0.89025,0.89025,19600.0
1999-10-21,1.3119999999999998,1.625,1.3119999999999998,1.5,4800.0,0.0,1.0,0.9840000000000001,1.21875,0.9840000000000001,1.125,6400.0
1999-10-20,1.4369999999999998,1.5619999999999998,1.4369999999999998,1.5619999999999998,2250.0,0.0,1.0,1.07775,1.1715,1.07775,1.1715,3000.0
1999-10-19,1.37,1.37,1.37,1.37,0.0,0.0,1.0,1.0275,1.0275,1.0275,1.0275,0.0
1999-10-18,1.37,1.37,1.37,1.37,0.0,0.0,1.0,1.0275,1.0275,1.0275,1.0275,0.0
1999-10-15,1.375,1.375,1.375,1.375,1950.0,0.0,1.0,1.03125,1.03125,1.03125,1.03125,2600.0
1999-10-14,1.5619999999999998,1.5619999999999998,1.375,1.5,5700.0,0.0,1.0,1.1715,1.1715,1.03125,1.125,7600.0
1999-10-13,1.375,1.375,1.375,1.375,75.0,0.0,1.0,1.03125,1.03125,1.03125,1.03125,100.0
1999-10-12,1.625,1.6869999999999998,1.625,1.6869999999999998,1950.0,0.0,1.0,1.21875,1.26525,1.21875,1.26525,2600.0
1999-10-11,1.62,1.62,1.62,1.62,0.0,0.0,1.0,1.215,1.215,1.215,1.215,0.0
1999-10-08,1.62,1.62,1.62,1.62,0.0,0.0,1.0,1.215,1.215,1.215,1.215,0.0
1999-10-07,1.3430000000000002,1.625,1.3430000000000002,1.625,900.0,0.0,1.0,1.00725,1.21875,1.00725,1.21875,1200.0
1999-10-06,1.5,1.5619999999999998,1.375,1.5619999999999998,6375.0,0.0,1.0,1.125,1.1715,1.03125,1.1715,8500.0
1999-10-05,1.4369999999999998,1.625,1.4369999999999998,1.625,2250.0,0.0,1.0,1.07775,1.21875,1.07775,1.21875,3000.0
1999-10-04,1.5,1.5,1.5,1.5,0.0,0.0,1.0,1.125,1.125,1.125,1.125,0.0
1999-10-01,1.75,1.75,1.5,1.5,12450.0,0.0,1.0,1.3125,1.3125,1.125,1.125,16600.0
1999-09-30,1.4369999999999998,1.4369999999999998,1.3430000000000002,1.406,9975.0,0.0,1.0,1.07775,1.07775,1.00725,1.0545,13300.0
1999-09-29,1.5,1.5,1.3430000000000002,1.3430000000000002,9375.0,0.0,1.0,1.125,1.125,1.00725,1.00725,12500.0
1999-09-28,1.5,1.5,1.5,1.5,0.0,0.0,1.0,1.125,1.125,1.125,1.125,0.0
1999-09-27,1.375,1.5,1.375,1.5,1650.0,0.0,1.0,1.03125,1.125,1.03125,1.125,2200.0
1999-09-24,1.44,1.44,1.44,1.44,0.0,0.0,1.0,1.08,1.08,1.08,1.08,0.0
1999-09-23,1.4369999999999998,1.4369999999999998,1.4369999999999998,1.4369999999999998,150.0,0.0,1.0,1.07775,1.07775,1.07775,1.07775,200.0
1999-09-22,1.5619999999999998,1.5619999999999998,1.4369999999999998,1.4369999999999998,6075.0,0.0,1.0,1.1715,1.1715,1.07775,1.07775,8100.0
1999-09-21,1.5619999999999998,1.625,1.5,1.5619999999999998,24675.0,0.0,1.0,1.1715,1.21875,1.125,1.1715,32900.0
1999-09-20,1.375,1.375,1.375,1.375,75.0,0.0,1.0,1.03125,1.03125,1.03125,1.03125,100.0
1999-09-17,1.375,1.5619999999999998,1.375,1.5619999999999998,3000.0,0.0,1.0,1.03125,1.1715,1.03125,1.1715,4000.0
1999-09-16,1.375,1.4369999999999998,1.375,1.4369999999999998,3975.0,0.0,1.0,1.03125,1.07775,1.03125,1.07775,5300.0
1999-09-15,1.25,1.4369999999999998,1.25,1.4369999999999998,13875.0,0.0,1.0,0.9375,1.07775,0.9375,1.07775,18500.0
1999-09-14,1.25,1.3119999999999998,1.125,1.125,7950.0,0.0,1.0,0.9375,0.9840000000000001,0.84375,0.84375,10600.0
1999-09-13,1.125,1.156,1.093,1.156,5700.0,0.0,1.0,0.84375,0.867,0.81975,0.867,7600.0
1999-09-10,1.25,1.3119999999999998,1.125,1.25,23175.0,0.0,1.0,0.9375,0.9840000000000001,0.84375,0.9375,30900.0
1999-09-09,1.8119999999999998,1.8119999999999998,1.3119999999999998,1.3119999999999998,29475.0,0.0,1.0,1.359,1.359,0.9840000000000001,0.9840000000000001,39300.0
1999-09-08,1.6869999999999998,1.6869999999999998,1.6869999999999998,1.6869999999999998,1350.0,0.0,1.0,1.26525,1.26525,1.26525,1.26525,1800.0
1999-09-07,1.6869999999999998,1.875,1.6869999999999998,1.6869999999999998,3675.0,0.0,1.0,1.26525,1.40625,1.26525,1.26525,4900.0
1999-09-03,1.8119999999999998,1.8119999999999998,1.6869999999999998,1.6869999999999998,2475.0,0.0,1.0,1.359,1.359,1.26525,1.26525,3300.0
1999-09-02,1.75,1.9369999999999998,1.75,1.9369999999999998,9450.0,0.0,1.0,1.3125,1.45275,1.3125,1.45275,12600.0
1999-09-01,1.875,1.875,1.75,1.75,3600.0,0.0,1.0,1.40625,1.40625,1.3125,1.3125,4800.0
1999-08-31,1.875,1.9369999999999998,1.75,1.9369999999999998,25275.0,0.0,1.0,1.40625,1.45275,1.3125,1.45275,33700.0
1999-08-30,1.8119999999999998,1.8119999999999998,1.8119999999999998,1.8119999999999998,1275.0,0.0,1.0,1.359,1.359,1.359,1.359,1700.0
1999-08-27,1.9369999999999998,1.9369999999999998,1.75,1.875,12375.0,0.0,1.0,1.45275,1.45275,1.3125,1.40625,16500.0
1999-08-26,1.87,1.87,1.87,1.87,0.0,0.0,1.0,1.4025,1.4025,1.4025,1.4025,0.0
1999-08-25,1.625,1.875,1.625,1.875,3975.0,0.0,1.0,1.21875,1.40625,1.21875,1.40625,5300.0
1999-08-24,1.625,2.0,1.625,1.625,3450.0,0.0,1.0,1.21875,1.5,1.21875,1.21875,4600.0
1999-08-23,1.8119999999999998,1.8119999999999998,1.8119999999999998,1.8119999999999998,1950.0,0.0,1.0,1.359,1.359,1.359,1.359,2600.0
1999-08-20,1.875,1.875,1.875,1.875,1500.0,0.0,1.0,1.40625,1.40625,1.40625,1.40625,2000.0
1999-08-19,1.87,1.87,1.87,1.87,300.0,0.0,1.0,1.4025,1.4025,1.4025,1.4025,400.0
1999-08-18,1.87,2.06,1.87,1.87,6975.0,0.0,1.0,1.4025,1.545,1.4025,1.4025,9300.0
1999-08-17,1.875,2.0,1.75,2.0,26475.0,0.0,1.0,1.40625,1.5,1.3125,1.5,35300.0
1999-08-16,1.75,2.062,1.625,2.04,83175.0,0.0,1.0,1.3125,1.5465,1.21875,1.53,110900.0
1999-08-13,1.75,1.75,1.75,1.75,300.0,0.0,1.0,1.3125,1.3125,1.3125,1.3125,400.0
1999-08-12,1.625,1.875,1.625,1.875,9750.0,0.0,1.0,1.21875,1.40625,1.21875,1.40625,13000.0
1999-08-11,1.6869999999999998,1.75,1.5619999999999998,1.75,25200.0,0.0,1.0,1.26525,1.3125,1.1715,1.3125,33600.0
1999-08-10,1.6869999999999998,1.8119999999999998,1.6869999999999998,1.75,14775.0,0.0,1.0,1.26525,1.359,1.26525,1.3125,19700.0
1999-08-09,1.625,1.6869999999999998,1.5930000000000002,1.625,10950.0,0.0,1.0,1.21875,1.26525,1.19475,1.21875,14600.0
1999-08-06,1.375,1.625,1.375,1.5619999999999998,24000.0,0.0,1.0,1.03125,1.21875,1.03125,1.1715,32000.0
1999-08-05,1.25,1.625,1.25,1.5,21750.0,0.0,1.0,0.9375,1.21875,0.9375,1.125,29000.0
1999-08-04,1.375,1.5,1.25,1.25,8850.0,0.0,1.0,1.03125,1.125,0.9375,0.9375,11800.0
1999-08-03,1.3119999999999998,1.3119999999999998,1.3119999999999998,1.3119999999999998,450.0,0.0,1.0,0.9840000000000001,0.9840000000000001,0.9840000000000001,0.9840000000000001,600.0
1999-08-02,1.12,1.12,1.12,1.12,0.0,0.0,1.0,0.8400000000000001,0.8400000000000001,0.8400000000000001,0.8400000000000001,0.0
1999-07-30,1.375,1.375,1.125,1.125,675.0,0.0,1.0,1.03125,1.03125,0.84375,0.84375,900.0
1999-07-29,1.06,1.06,1.06,1.06,0.0,0.0,1.0,0.795,0.795,0.795,0.795,0.0
1999-07-28,1.25,1.25,1.062,1.062,7950.0,0.0,1.0,0.9375,0.9375,0.7965,0.7965,10600.0
1999-07-27,1.25,1.25,1.25,1.25,300.0,0.0,1.0,0.9375,0.9375,0.9375,0.9375,400.0
1999-07-26,1.4369999999999998,1.4369999999999998,1.375,1.375,1500.0,0.0,1.0,1.07775,1.07775,1.03125,1.03125,2000.0
1999-07-23,1.5619999999999998,1.625,1.5,1.625,4575.0,0.0,1.0,1.1715,1.21875,1.125,1.21875,6100.0
1999-07-22,1.5,1.5,1.5,1.5,450.0,0.0,1.0,1.125,1.125,1.125,1.125,600.0
1999-07-21,1.3119999999999998,1.625,1.3119999999999998,1.625,6750.0,0.0,1.0,0.9840000000000001,1.21875,0.9840000000000001,1.21875,9000.0
1999-07-20,1.3119999999999998,1.3119999999999998,1.3119999999999998,1.3119999999999998,975.0,0.0,1.0,0.9840000000000001,0.9840000000000001,0.9840000000000001,0.9840000000000001,1300.0
1999-07-19,1.5,1.5,1.3119999999999998,1.3119999999999998,6375.0,0.0,1.0,1.125,1.125,0.9840000000000001,0.9840000000000001,8500.0
1999-07-16,1.6869999999999998,1.75,1.625,1.625,26175.0,0.0,1.0,1.26525,1.3125,1.21875,1.21875,34900.0
1999-07-15,1.625,1.6869999999999998,1.625,1.6869999999999998,450.0,0.0,1.0,1.21875,1.26525,1.21875,1.26525,600.0
1999-07-14,1.75,1.75,1.625,1.625,5175.0,0.0,1.0,1.3125,1.3125,1.21875,1.21875,6900.0
1999-07-13,1.87,1.87,1.87,1.87,0.0,0.0,1.0,1.4025,1.4025,1.4025,1.4025,0.0
1999-07-12,1.87,1.87,1.87,1.87,0.0,0.0,1.0,1.4025,1.4025,1.4025,1.4025,0.0
1999-07-09,1.8119999999999998,1.875,1.8119999999999998,1.875,3075.0,0.0,1.0,1.359,1.40625,1.359,1.40625,4100.0
1999-07-08,1.656,1.656,1.656,1.656,450.0,0.0,1.0,1.242,1.242,1.242,1.242,600.0
1999-07-07,1.906,2.0,1.906,1.906,4500.0,0.0,1.0,1.4295,1.5,1.4295,1.4295,6000.0
1999-07-06,2.0,2.0,2.0,2.0,0.0,0.0,1.0,1.5,1.5,1.5,1.5,0.0
1999-07-02,1.906,2.0,1.906,2.0,4575.0,0.0,1.0,1.4295,1.5,1.4295,1.5,6100.0
1999-07-01,2.0,2.0,2.0,2.0,0.0,0.0,1.0,1.5,1.5,1.5,1.5,0.0
1999-06-30,1.906,2.0,1.906,2.0,21750.0,0.0,1.0,1.4295,1.5,1.4295,1.5,29000.0
1999-06-29,1.5,2.0,1.5,1.9369999999999998,10200.0,0.0,1.0,1.125,1.5,1.125,1.45275,13600.0
1999-06-28,1.75,1.75,1.093,1.5,46650.0,0.0,1.0,1.3125,1.3125,0.81975,1.125,62200.0
1999-06-25,1.9369999999999998,1.9369999999999998,1.9369999999999998,1.9369999999999998,1800.0,0.0,1.0,1.45275,1.45275,1.45275,1.45275,2400.0
1999-06-24,1.875,1.875,1.6869999999999998,1.75,7200.0,0.0,1.0,1.40625,1.40625,1.26525,1.3125,9600.0
1999-06-23,2.0,2.0,1.75,1.875,23250.0,0.0,1.0,1.5,1.5,1.3125,1.40625,31000.0
1999-06-22,2.0,2.0,1.875,1.875,5775.0,0.0,1.0,1.5,1.5,1.40625,1.40625,7700.0
1999-06-21,1.75,1.8430000000000002,1.75,1.8430000000000002,1950.0,0.0,1.0,1.3125,1.38225,1.3125,1.38225,2600.0
1999-06-18,2.0,2.0,1.875,1.875,4350.0,0.0,1.0,1.5,1.5,1.40625,1.40625,5800.0
1999-06-17,2.0,2.0,2.0,2.0,0.0,0.0,1.0,1.5,1.5,1.5,1.5,0.0
1999-06-16,2.0,2.0,2.0,2.0,1275.0,0.0,1.0,1.5,1.5,1.5,1.5,1700.0
1999-06-15,1.9369999999999998,1.9369999999999998,1.8119999999999998,1.875,30975.0,0.0,1.0,1.45275,1.45275,1.359,1.40625,41300.0
1999-06-14,2.0,2.062,1.875,1.875,19500.0,0.0,1.0,1.5,1.5465,1.40625,1.40625,26000.0
1999-06-11,2.062,2.062,2.062,2.062,150.0,0.0,1.0,1.5465,1.5465,1.5465,1.5465,200.0
1999-06-10,2.062,2.062,2.062,2.062,4275.0,0.0,1.0,1.5465,1.5465,1.5465,1.5465,5700.0
1999-06-09,2.06,2.06,2.06,2.06,0.0,0.0,1.0,1.545,1.545,1.545,1.545,0.0
1999-06-08,2.125,2.25,2.062,2.062,3075.0,0.0,1.0,1.59375,1.6875,1.5465,1.5465,4100.0
1999-06-07,2.0,2.0,2.0,2.0,5400.0,0.0,1.0,1.5,1.5,1.5,1.5,7200.0
1999-06-04,2.0,2.0,2.0,2.0,600.0,0.0,1.0,1.5,1.5,1.5,1.5,800.0
1999-06-03,2.125,2.187,2.062,2.062,22650.0,0.0,1.0,1.59375,1.64025,1.5465,1.5465,30200.0
1999-06-02,2.25,2.25,2.25,2.25,2400.0,0.0,1.0,1.6875,1.6875,1.6875,1.6875,3200.0
1999-06-01,2.125,2.156,2.062,2.125,17700.0,0.0,1.0,1.59375,1.617,1.5465,1.59375,23600.0
1999-05-28,2.187,2.312,2.187,2.312,1500.0,0.0,1.0,1.64025,1.734,1.64025,1.734,2000.0
1999-05-27,2.375,2.375,2.062,2.25,33750.0,0.0,1.0,1.78125,1.78125,1.5465,1.6875,45000.0
1999-05-26,2.187,2.25,2.062,2.125,21375.0,0.0,1.0,1.64025,1.6875,1.5465,1.59375,28500.0
1999-05-25,2.25,2.25,2.125,2.125,19875.0,0.0,1.0,1.6875,1.6875,1.59375,1.59375,26500.0
1999-05-24,2.0,2.125,2.0,2.0,24000.0,0.0,1.0,1.5,1.59375,1.5,1.5,32000.0
1999-05-21,1.75,2.0,1.75,2.0,9000.0,0.0,1.0,1.3125,1.5,1.3125,1.5,12000.0
1999-05-20,1.75,1.9369999999999998,1.75,1.9369999999999998,9450.0,0.0,1.0,1.3125,1.45275,1.3125,1.45275,12600.0
1999-05-19,1.5,1.8119999999999998,1.375,1.625,17550.0,0.0,1.0,1.125,1.359,1.03125,1.21875,23400.0
1999-05-18,1.375,1.6869999999999998,1.375,1.5,13650.0,0.0,1.0,1.03125,1.26525,1.03125,1.125,18200.0
1999-05-17,1.187,1.187,1.187,1.187,1500.0,0.0,1.0,0.89025,0.89025,0.89025,0.89025,2000.0
1999-05-14,1.062,1.25,1.062,1.25,22575.0,0.0,1.0,0.7965,0.9375,0.7965,0.9375,30100.0
1999-05-13,1.031,1.031,1.031,1.031,450.0,0.0,1.0,0.77325,0.77325,0.77325,0.77325,600.0
1999-05-12,1.187,1.187,1.093,1.093,15975.0,0.0,1.0,0.89025,0.89025,0.81975,0.81975,21300.0
1999-05-11,1.125,1.125,1.125,1.125,4500.0,0.0,1.0,0.84375,0.84375,0.84375,0.84375,6000.0
1999-05-10,1.125,1.125,1.125,1.125,1800.0,0.0,1.0,0.84375,0.84375,0.84375,0.84375,2400.0
1999-05-07,1.187,1.187,1.031,1.062,13950.0,0.0,1.0,0.89025,0.89025,0.77325,0.7965,18600.0
1999-05-06,1.375,1.375,1.031,1.031,38400.0,0.0,1.0,1.03125,1.03125,0.77325,0.77325,51200.0
1999-05-05,1.375,1.375,1.375,1.375,975.0,0.0,1.0,1.03125,1.03125,1.03125,1.03125,1300.0
1999-05-04,1.5,1.5,1.375,1.4369999999999998,7950.0,0.0,1.0,1.125,1.125,1.03125,1.07775,10600.0
1999-05-03,1.5,1.5619999999999998,1.5,1.5619999999999998,15450.0,0.0,1.0,1.125,1.1715,1.125,1.1715,20600.0
1999-04-30,1.625,1.625,1.625,1.625,2700.0,0.0,1.0,1.21875,1.21875,1.21875,1.21875,3600.0
1999-04-29,1.625,1.625,1.3119999999999998,1.3119999999999998,3000.0,0.0,1.0,1.21875,1.21875,0.9840000000000001,0.9840000000000001,4000.0
1999-04-28,1.37,1.37,1.37,1.37,0.0,0.0,1.0,1.0275,1.0275,1.0275,1.0275,0.0
1999-04-27,1.375,1.375,1.375,1.375,900.0,0.0,1.0,1.03125,1.03125,1.03125,1.03125,1200.0
1999-04-26,1.5,1.5,1.5,1.5,0.0,0.0,1.0,1.125,1.125,1.125,1.125,0.0
1999-04-23,1.5,1.5,1.375,1.5,10350.0,0.0,1.0,1.125,1.125,1.03125,1.125,13800.0
1999-04-22,1.5,1.5,1.5,1.5,2475.0,0.0,1.0,1.125,1.125,1.125,1.125,3300.0
1999-04-21,1.5,1.5,1.5,1.5,5475.0,0.0,1.0,1.125,1.125,1.125,1.125,7300.0
1999-04-20,1.5,1.5,1.3119999999999998,1.5,9150.0,0.0,1.0,1.125,1.125,0.9840000000000001,1.125,12200.0
1999-04-19,1.5619999999999998,1.625,1.5619999999999998,1.5619999999999998,6975.0,0.0,1.0,1.1715,1.21875,1.1715,1.1715,9300.0
1999-04-16,1.5,1.6869999999999998,1.5,1.625,11700.0,0.0,1.0,1.125,1.26525,1.125,1.21875,15600.0
1999-04-15,1.6869999999999998,1.6869999999999998,1.6869999999999998,1.6869999999999998,675.0,0.0,1.0,1.26525,1.26525,1.26525,1.26525,900.0
1999-04-14,1.75,1.75,1.75,1.75,6000.0,0.0,1.0,1.3125,1.3125,1.3125,1.3125,8000.0
1999-04-13,1.5619999999999998,1.875,1.5619999999999998,1.625,15450.0,0.0,1.0,1.1715,1.40625,1.1715,1.21875,20600.0
1999-04-12,1.625,1.875,1.5619999999999998,1.5619999999999998,11100.0,0.0,1.0,1.21875,1.40625,1.1715,1.1715,14800.0
1999-04-09,1.6869999999999998,1.6869999999999998,1.5619999999999998,1.5619999999999998,975.0,0.0,1.0,1.26525,1.26525,1.1715,1.1715,1300.0
1999-04-08,1.875,1.875,1.6869999999999998,1.875,9675.0,0.0,1.0,1.40625,1.40625,1.26525,1.40625,12900.0
1999-04-07,1.75,1.875,1.625,1.875,25950.0,0.0,1.0,1.3125,1.40625,1.21875,1.40625,34600.0
1999-04-06,1.375,1.75,1.187,1.75,51675.0,0.0,1.0,1.03125,1.3125,0.89025,1.3125,68900.0
1999-04-05,2.437,2.437,0.75,1.25,71400.0,0.0,1.0,1.82775,1.82775,0.5625,0.9375,95200.0
1999-04-01,2.5,2.5,2.5,2.5,0.0,0.0,1.0,1.875,1.875,1.875,1.875,0.0
1999-03-31,2.312,2.5,2.25,2.5,52650.0,0.0,1.0,1.734,1.875,1.6875,1.875,70200.0
1999-03-30,2.437,2.437,2.25,2.25,36300.0,0.0,1.0,1.82775,1.82775,1.6875,1.6875,48400.0
1999-03-29,2.25,2.437,2.25,2.437,1950.0,0.0,1.0,1.6875,1.82775,1.6875,1.82775,2600.0
1999-03-26,2.312,2.375,2.187,2.187,38250.0,0.0,1.0,1.734,1.78125,1.64025,1.64025,51000.0
1999-03-25,2.218,2.218,2.218,2.218,375.0,0.0,1.0,1.6635,1.6635,1.6635,1.6635,500.0
1999-03-24,2.218,2.25,2.218,2.25,5100.0,0.0,1.0,1.6635,1.6875,1.6635,1.6875,6800.0
1999-03-23,2.25,2.25,2.25,2.25,0.0,0.0,1.0,1.6875,1.6875,1.6875,1.6875,0.0
1999-03-22,2.312,2.312,2.25,2.25,9450.0,0.0,1.0,1.734,1.734,1.6875,1.6875,12600.0
1999-03-19,2.25,2.25,2.25,2.25,6450.0,0.0,1.0,1.6875,1.6875,1.6875,1.6875,8600.0
1999-03-18,2.218,2.312,2.218,2.312,11775.0,0.0,1.0,1.6635,1.734,1.6635,1.734,15700.0
1999-03-17,2.187,2.25,2.187,2.187,900.0,0.0,1.0,1.64025,1.6875,1.64025,1.64025,1200.0
1999-03-16,2.187,2.25,2.187,2.187,24300.0,0.0,1.0,1.64025,1.6875,1.64025,1.64025,32400.0
1999-03-15,2.312,2.312,2.187,2.187,3975.0,0.0,1.0,1.734,1.734,1.64025,1.64025,5300.0
1999-03-12,2.5,2.5,2.437,2.468,30150.0,0.0,1.0,1.875,1.875,1.82775,1.851,40200.0
1999-03-11,2.375,2.375,2.375,2.375,2850.0,0.0,1.0,1.78125,1.78125,1.78125,1.78125,3800.0
1999-03-10,2.375,2.375,2.375,2.375,5100.0,0.0,1.0,1.78125,1.78125,1.78125,1.78125,6800.0
1999-03-09,2.187,2.375,2.125,2.312,24750.0,0.0,1.0,1.64025,1.78125,1.59375,1.734,33000.0
1999-03-08,2.187,2.187,1.9369999999999998,1.9369999999999998,8175.0,0.0,1.0,1.64025,1.64025,1.45275,1.45275,10900.0
1999-03-05,2.19,2.19,2.19,2.19,0.0,0.0,1.0,1.6425,1.6425,1.6425,1.6425,0.0
1999-03-04,2.19,2.19,2.19,2.19,0.0,0.0,1.0,1.6425,1.6425,1.6425,1.6425,0.0
1999-03-03,2.187,2.187,2.187,2.187,150.0,0.0,1.0,1.64025,1.64025,1.64025,1.64025,200.0
1999-03-02,2.187,2.187,2.187,2.187,75.0,0.0,1.0,1.64025,1.64025,1.64025,1.64025,100.0
1999-03-01,2.125,2.25,2.125,2.187,6975.0,0.0,1.0,1.59375,1.6875,1.59375,1.64025,9300.0
1999-02-26,2.0,2.0,2.0,2.0,0.0,0.0,1.0,1.5,1.5,1.5,1.5,0.0
1999-02-25,2.0,2.0,2.0,2.0,0.0,0.0,1.0,1.5,1.5,1.5,1.5,0.0
1999-02-24,2.125,2.125,2.0,2.0,1200.0,0.0,1.0,1.59375,1.59375,1.5,1.5,1600.0
1999-02-23,1.9369999999999998,2.125,1.9369999999999998,2.0,3300.0,0.0,1.0,1.45275,1.59375,1.45275,1.5,4400.0
1999-02-22,1.94,1.94,1.94,1.94,0.0,0.0,1.0,1.455,1.455,1.455,1.455,0.0
1999-02-19,1.9369999999999998,1.9369999999999998,1.9369999999999998,1.9369999999999998,1500.0,0.0,1.0,1.45275,1.45275,1.45275,1.45275,2000.0
1999-02-18,1.875,1.875,1.875,1.875,75.0,0.0,1.0,1.40625,1.40625,1.40625,1.40625,100.0
1999-02-17,2.125,2.125,2.0,2.0,2850.0,0.0,1.0,1.59375,1.59375,1.5,1.5,3800.0
1999-02-16,2.312,2.5,2.125,2.125,3975.0,0.0,1.0,1.734,1.875,1.59375,1.59375,5300.0
1999-02-12,2.25,2.312,2.187,2.312,4200.0,0.0,1.0,1.6875,1.734,1.64025,1.734,5600.0
1999-02-11,1.875,1.875,1.875,1.875,450.0,0.0,1.0,1.40625,1.40625,1.40625,1.40625,600.0
1999-02-10,1.8119999999999998,2.0,1.8119999999999998,1.875,6075.0,0.0,1.0,1.359,1.5,1.359,1.40625,8100.0
1999-02-09,2.0,2.25,2.0,2.0,975.0,0.0,1.0,1.5,1.6875,1.5,1.5,1300.0
1999-02-08,2.062,2.25,2.062,2.125,13500.0,0.0,1.0,1.5465,1.6875,1.5465,1.59375,18000.0
1999-02-05,2.25,2.25,2.25,2.25,0.0,0.0,1.0,1.6875,1.6875,1.6875,1.6875,0.0
1999-02-04,2.312,2.312,2.062,2.25,13200.0,0.0,1.0,1.734,1.734,1.5465,1.6875,17600.0
1999-02-03,2.44,2.44,2.44,2.44,0.0,0.0,1.0,1.83,1.83,1.83,1.83,0.0
1999-02-02,2.25,2.437,2.25,2.437,2100.0,0.0,1.0,1.6875,1.82775,1.6875,1.82775,2800.0
1999-02-01,2.312,2.312,2.312,2.312,450.0,0.0,1.0,1.734,1.734,1.734,1.734,600.0
1999-01-29,2.437,2.437,2.437,2.437,1950.0,0.0,1.0,1.82775,1.82775,1.82775,1.82775,2600.0
1999-01-28,2.5,2.5,2.25,2.312,4650.0,0.0,1.0,1.875,1.875,1.6875,1.734,6200.0
1999-01-27,2.437,2.625,2.437,2.45,16575.0,0.0,1.0,1.82775,1.96875,1.82775,1.8375,22100.0
1999-01-26,2.687,2.687,2.687,2.687,2175.0,0.0,1.0,2.01525,2.01525,2.01525,2.01525,2900.0
1999-01-25,2.5,2.812,2.5,2.812,6450.0,0.0,1.0,1.875,2.109,1.875,2.109,8600.0
1999-01-22,2.687,2.687,2.125,2.25,17850.0,0.0,1.0,2.01525,2.01525,1.59375,1.6875,23800.0
1999-01-21,2.687,2.687,2.687,2.687,150.0,0.0,1.0,2.01525,2.01525,2.01525,2.01525,200.0
1999-01-20,2.87,2.87,2.87,2.87,0.0,0.0,1.0,2.1525,2.1525,2.1525,2.1525,0.0
1999-01-19,2.75,2.875,2.75,2.875,8700.0,0.0,1.0,2.0625,2.15625,2.0625,2.15625,11600.0
1999-01-15,2.875,2.937,2.875,2.875,18375.0,0.0,1.0,2.15625,2.20275,2.15625,2.15625,24500.0
1999-01-14,2.812,2.875,2.812,2.812,6075.0,0.0,1.0,2.109,2.15625,2.109,2.109,8100.0
1999-01-13,3.125,3.125,2.875,3.0,9075.0,0.0,1.0,2.34375,2.34375,2.15625,2.25,12100.0
1999-01-12,2.87,2.87,2.87,2.87,0.0,0.0,1.0,2.1525,2.1525,2.1525,2.1525,0.0
1999-01-11,2.875,2.875,2.875,2.875,450.0,0.0,1.0,2.15625,2.15625,2.15625,2.15625,600.0
1999-01-08,3.0,3.031,2.937,3.0,4500.0,0.0,1.0,2.25,2.27325,2.20275,2.25,6000.0
1999-01-07,3.187,3.187,3.0,3.0,24300.0,0.0,1.0,2.39025,2.39025,2.25,2.25,32400.0
1999-01-06,3.312,3.312,3.125,3.125,9975.0,0.0,1.0,2.484,2.484,2.34375,2.34375,13300.0
1999-01-05,3.437,3.437,3.125,3.156,16050.0,0.0,1.0,2.57775,2.57775,2.34375,2.367,21400.0
1999-01-04,2.937,3.5,2.937,3.187,18000.0,0.0,1.0,2.20275,2.625,2.20275,2.39025,24000.0
1998-12-31,2.875,3.062,2.875,2.875,3975.0,0.0,1.0,2.15625,2.2965,2.15625,2.15625,5300.0
1998-12-30,3.25,3.25,2.75,3.06,8700.0,0.0,1.0,2.4375,2.4375,2.0625,2.295,11600.0
1998-12-29,3.25,3.25,2.875,3.0,17100.0,0.0,1.0,2.4375,2.4375,2.15625,2.25,22800.0
1998-12-28,3.187,3.562,2.687,2.75,74100.0,0.0,1.0,2.39025,2.6715,2.01525,2.0625,98800.0
1998-12-24,3.25,3.25,3.187,3.187,1575.0,0.0,1.0,2.4375,2.4375,2.39025,2.39025,2100.0
1998-12-23,3.375,3.375,3.375,3.375,3675.0,0.0,1.0,2.53125,2.53125,2.53125,2.53125,4900.0
1998-12-22,3.562,3.562,3.187,3.25,22875.0,0.0,1.0,2.6715,2.6715,2.39025,2.4375,30500.0
1998-12-21,4.0,4.0,2.843,3.562,58650.0,0.0,1.0,3.0,3.0,2.13225,2.6715,78200.0
1998-12-18,1.875,2.593,1.875,2.281,87600.0,0.0,1.0,1.40625,1.94475,1.40625,1.71075,116800.0
1998-12-17,1.8119999999999998,1.9369999999999998,1.8119999999999998,1.9369999999999998,2850.0,0.0,1.0,1.359,1.45275,1.359,1.45275,3800.0
1998-12-16,1.875,1.875,1.875,1.875,975.0,0.0,1.0,1.40625,1.40625,1.40625,1.40625,1300.0
1998-12-15,2.0,2.0,1.93,2.0,15975.0,0.0,1.0,1.5,1.5,1.4475,1.5,21300.0
1998-12-14,1.9369999999999998,2.0,1.9369999999999998,2.0,10350.0,0.0,1.0,1.45275,1.5,1.45275,1.5,13800.0
1998-12-11,2.0,2.062,1.9369999999999998,1.9369999999999998,2475.0,0.0,1.0,1.5,1.5465,1.45275,1.45275,3300.0
1998-12-10,2.062,2.125,2.062,2.125,1275.0,0.0,1.0,1.5465,1.59375,1.5465,1.59375,1700.0
1998-12-09,2.125,2.25,2.0,2.0,6975.0,0.0,1.0,1.59375,1.6875,1.5,1.5,9300.0
1998-12-08,2.187,2.25,2.062,2.062,1350.0,0.0,1.0,1.64025,1.6875,1.5465,1.5465,1800.0
1998-12-07,2.0,2.062,2.0,2.062,1575.0,0.0,1.0,1.5,1.5465,1.5,1.5465,2100.0
1998-12-04,2.437,2.437,2.0,2.0,15675.0,0.0,1.0,1.82775,1.82775,1.5,1.5,20900.0
1998-12-03,2.187,2.25,2.187,2.187,5700.0,0.0,1.0,1.64025,1.6875,1.64025,1.64025,7600.0
1998-12-02,2.0,2.0,2.0,2.0,75.0,0.0,1.0,1.5,1.5,1.5,1.5,100.0
1998-12-01,2.375,2.375,2.125,2.125,8100.0,0.0,1.0,1.78125,1.78125,1.59375,1.59375,10800.0
1998-11-30,2.031,3.25,2.031,2.5,66150.0,0.0,1.0,1.52325,2.4375,1.52325,1.875,88200.0
1998-11-27,1.97,1.97,1.97,1.97,0.0,0.0,1.0,1.4775,1.4775,1.4775,1.4775,0.0
1998-11-25,1.97,2.0,1.72,1.97,16200.0,0.0,1.0,1.4775,1.5,1.29,1.4775,21600.0
1998-11-24,2.125,2.125,1.9680000000000002,1.9680000000000002,19500.0,0.0,1.0,1.59375,1.59375,1.476,1.476,26000.0
1998-11-23,2.25,2.25,2.0,2.125,1875.0,0.0,1.0,1.6875,1.6875,1.5,1.59375,2500.0
1998-11-20,2.375,2.375,2.31,2.375,16500.0,0.0,1.0,1.78125,1.78125,1.7325,1.78125,22000.0
1998-11-19,2.062,2.062,2.062,2.062,150.0,0.0,1.0,1.5465,1.5465,1.5465,1.5465,200.0
1998-11-18,2.437,2.437,2.31,2.31,4050.0,0.0,1.0,1.82775,1.82775,1.7325,1.7325,5400.0
1998-11-17,1.8119999999999998,2.625,1.8119999999999998,2.437,36750.0,0.0,1.0,1.359,1.96875,1.359,1.82775,49000.0
1998-11-16,1.6869999999999998,1.6869999999999998,1.6869999999999998,1.6869999999999998,1050.0,0.0,1.0,1.26525,1.26525,1.26525,1.26525,1400.0
1998-11-13,1.6869999999999998,1.6869999999999998,1.6869999999999998,1.6869999999999998,150.0,0.0,1.0,1.26525,1.26525,1.26525,1.26525,200.0
1998-11-12,1.75,1.8119999999999998,1.6869999999999998,1.75,42075.0,0.0,1.0,1.3125,1.359,1.26525,1.3125,56100.0
1998-11-11,1.75,1.75,1.7180000000000002,1.75,27450.0,0.0,1.0,1.3125,1.3125,1.2885,1.3125,36600.0
1998-11-10,1.8119999999999998,1.8119999999999998,1.625,1.75,7500.0,0.0,1.0,1.359,1.359,1.21875,1.3125,10000.0
1998-11-09,1.9369999999999998,1.9369999999999998,1.9369999999999998,1.9369999999999998,4950.0,0.0,1.0,1.45275,1.45275,1.45275,1.45275,6600.0
1998-11-06,2.125,2.125,1.875,2.031,20175.0,0.0,1.0,1.59375,1.59375,1.40625,1.52325,26900.0
1998-11-05,2.062,2.062,2.062,2.062,450.0,0.0,1.0,1.5465,1.5465,1.5465,1.5465,600.0
1998-11-04,2.0,2.0,2.0,2.0,900.0,0.0,1.0,1.5,1.5,1.5,1.5,1200.0
1998-11-03,1.8119999999999998,2.062,1.8119999999999998,2.0,3900.0,0.0,1.0,1.359,1.5465,1.359,1.5,5200.0
1998-11-02,1.7180000000000002,1.75,1.7180000000000002,1.75,1875.0,0.0,1.0,1.2885,1.3125,1.2885,1.3125,2500.0
1998-10-30,1.8119999999999998,1.8119999999999998,1.75,1.75,11475.0,0.0,1.0,1.359,1.359,1.3125,1.3125,15300.0
1998-10-29,1.75,2.0,1.75,1.75,3675.0,0.0,1.0,1.3125,1.5,1.3125,1.3125,4900.0
1998-10-28,1.93,2.25,1.625,1.625,10950.0,0.0,1.0,1.4475,1.6875,1.21875,1.21875,14600.0
1998-10-27,1.625,1.875,1.625,1.875,1575.0,0.0,1.0,1.21875,1.40625,1.21875,1.40625,2100.0
1998-10-26,1.875,1.875,1.875,1.875,1950.0,0.0,1.0,1.40625,1.40625,1.40625,1.40625,2600.0
1998-10-23,1.625,1.875,1.5,1.5,5700.0,0.0,1.0,1.21875,1.40625,1.125,1.125,7600.0
1998-10-22,1.875,1.875,1.875,1.875,3000.0,0.0,1.0,1.40625,1.40625,1.40625,1.40625,4000.0
1998-10-21,1.9369999999999998,1.9369999999999998,1.93,1.93,1500.0,0.0,1.0,1.45275,1.45275,1.4475,1.4475,2000.0
1998-10-20,1.75,2.0,1.75,2.0,7275.0,0.0,1.0,1.3125,1.5,1.3125,1.5,9700.0
1998-10-19,2.25,2.25,2.25,2.25,375.0,0.0,1.0,1.6875,1.6875,1.6875,1.6875,500.0
1998-10-16,2.0,2.0,2.0,2.0,975.0,0.0,1.0,1.5,1.5,1.5,1.5,1300.0
1998-10-15,1.75,1.75,1.75,1.75,0.0,0.0,1.0,1.3125,1.3125,1.3125,1.3125,0.0
1998-10-14,1.75,1.75,1.75,1.75,600.0,0.0,1.0,1.3125,1.3125,1.3125,1.3125,800.0
1998-10-13,2.0,2.25,2.0,2.25,2550.0,0.0,1.0,1.5,1.6875,1.5,1.6875,3400.0
1998-10-12,2.25,2.25,2.25,2.25,0.0,0.0,1.0,1.6875,1.6875,1.6875,1.6875,0.0
1998-10-09,2.25,2.25,2.25,2.25,975.0,0.0,1.0,1.6875,1.6875,1.6875,1.6875,1300.0
1998-10-08,2.375,2.5,2.25,2.25,4200.0,0.0,1.0,1.78125,1.875,1.6875,1.6875,5600.0
1998-10-07,2.5,2.5,2.5,2.5,3975.0,0.0,1.0,1.875,1.875,1.875,1.875,5300.0
1998-10-06,1.9369999999999998,2.375,1.9369999999999998,2.375,2700.0,0.0,1.0,1.45275,1.78125,1.45275,1.78125,3600.0
1998-10-05,2.0,2.0,2.0,2.0,0.0,0.0,1.0,1.5,1.5,1.5,1.5,0.0
1998-10-02,2.0,2.0,2.0,2.0,0.0,0.0,1.0,1.5,1.5,1.5,1.5,0.0
1998-10-01,2.0,2.0,2.0,2.0,0.0,0.0,1.0,1.5,1.5,1.5,1.5,0.0
1998-09-30,2.25,2.25,2.0,2.0,2175.0,0.0,1.0,1.6875,1.6875,1.5,1.5,2900.0
1998-09-29,3.0,3.0,2.5,2.87,10275.0,0.0,1.0,2.25,2.25,1.875,2.1525,13700.0
1998-09-28,2.31,2.31,2.31,2.31,150.0,0.0,1.0,1.7325,1.7325,1.7325,1.7325,200.0
1998-09-25,2.44,2.44,2.31,2.31,3000.0,0.0,1.0,1.83,1.83,1.7325,1.7325,4000.0
1998-09-24,2.31,2.31,2.31,2.31,0.0,0.0,1.0,1.7325,1.7325,1.7325,1.7325,0.0
1998-09-23,2.12,2.31,2.12,2.31,2175.0,0.0,1.0,1.59,1.7325,1.59,1.7325,2900.0
1998-09-22,2.0,2.0,2.0,2.0,300.0,0.0,1.0,1.5,1.5,1.5,1.5,400.0
1998-09-21,1.87,2.0,1.87,1.94,8250.0,0.0,1.0,1.4025,1.5,1.4025,1.455,11000.0
1998-09-18,2.12,2.12,1.94,2.0,3450.0,0.0,1.0,1.59,1.59,1.455,1.5,4600.0
1998-09-17,2.19,2.19,2.12,2.12,2175.0,0.0,1.0,1.6425,1.6425,1.59,1.59,2900.0
1998-09-16,1.87,1.87,1.87,1.87,0.0,0.0,1.0,1.4025,1.4025,1.4025,1.4025,0.0
1998-09-15,2.37,2.37,1.87,1.87,3450.0,0.0,1.0,1.7775,1.7775,1.4025,1.4025,4600.0
1998-09-14,2.12,2.37,2.12,2.25,2475.0,0.0,1.0,1.59,1.7775,1.59,1.6875,3300.0
1998-09-11,2.06,2.5,2.06,2.5,4050.0,0.0,1.0,1.545,1.875,1.545,1.875,5400.0
1998-09-10,2.0,2.0,2.0,2.0,1050.0,0.0,1.0,1.5,1.5,1.5,1.5,1400.0
1998-09-09,2.19,2.25,2.06,2.06,1275.0,0.0,1.0,1.6425,1.6875,1.545,1.545,1700.0
1998-09-08,2.12,2.12,2.06,2.12,7875.0,0.0,1.0,1.59,1.59,1.545,1.59,10500.0
1998-09-04,2.0,2.06,1.94,2.06,33600.0,0.0,1.0,1.5,1.545,1.455,1.545,44800.0
1998-09-03,1.87,2.12,1.87,2.0,4200.0,0.0,1.0,1.4025,1.59,1.4025,1.5,5600.0
1998-09-02,1.87,1.87,1.75,1.75,2775.0,0.0,1.0,1.4025,1.4025,1.3125,1.3125,3700.0
1998-09-01,1.81,1.81,1.5,1.5,2400.0,0.0,1.0,1.3575,1.3575,1.125,1.125,3200.0
1998-08-31,2.0,2.0,1.5,1.62,3600.0,0.0,1.0,1.5,1.5,1.125,1.215,4800.0
1998-08-28,2.0,2.0,2.0,2.0,3750.0,0.0,1.0,1.5,1.5,1.5,1.5,5000.0
1998-08-27,2.0,2.0,1.81,1.81,4500.0,0.0,1.0,1.5,1.5,1.3575,1.3575,6000.0
1998-08-26,1.94,2.12,1.75,2.12,28575.0,0.0,1.0,1.455,1.59,1.3125,1.59,38100.0
1998-08-25,2.5,2.5,1.87,2.0,23175.0,0.0,1.0,1.875,1.875,1.4025,1.5,30900.0
1998-08-24,2.37,2.5,2.19,2.5,8250.0,0.0,1.0,1.7775,1.875,1.6425,1.875,11000.0
1998-08-21,2.25,2.5,2.0,2.5,20775.0,0.0,1.0,1.6875,1.875,1.5,1.875,27700.0
1998-08-20,2.25,2.25,2.12,2.25,4050.0,0.0,1.0,1.6875,1.6875,1.59,1.6875,5400.0
1998-08-19,2.25,2.25,2.25,2.25,450.0,0.0,1.0,1.6875,1.6875,1.6875,1.6875,600.0
1998-08-18,2.06,2.25,1.81,2.19,15150.0,0.0,1.0,1.545,1.6875,1.3575,1.6425,20200.0
1998-08-17,2.62,2.62,2.62,2.62,0.0,0.0,1.0,1.965,1.965,1.965,1.965,0.0
1998-08-14,2.94,2.94,2.25,2.62,20100.0,0.0,1.0,2.205,2.205,1.6875,1.965,26800.0
1998-08-13,2.94,2.94,2.94,2.94,150.0,0.0,1.0,2.205,2.205,2.205,2.205,200.0
1998-08-12,3.0,3.0,3.0,3.0,975.0,0.0,1.0,2.25,2.25,2.25,2.25,1300.0
1998-08-11,3.0,3.0,3.0,3.0,4500.0,0.0,1.0,2.25,2.25,2.25,2.25,6000.0
1998-08-10,3.12,3.12,3.0,3.0,3150.0,0.0,1.0,2.34,2.34,2.25,2.25,4200.0
1998-08-07,3.0,3.0,3.0,3.0,3000.0,0.0,1.0,2.25,2.25,2.25,2.25,4000.0
1998-08-06,2.87,2.87,2.87,2.87,0.0,0.0,1.0,2.1525,2.1525,2.1525,2.1525,0.0
1998-08-05,2.87,2.87,2.87,2.87,0.0,0.0,1.0,2.1525,2.1525,2.1525,2.1525,0.0
1998-08-04,3.19,3.19,2.87,2.87,1575.0,0.0,1.0,2.3925,2.3925,2.1525,2.1525,2100.0
1998-08-03,3.0,3.0,3.0,3.0,1200.0,0.0,1.0,2.25,2.25,2.25,2.25,1600.0
1998-07-31,3.19,3.19,3.06,3.06,63900.0,0.0,1.0,2.3925,2.3925,2.295,2.295,85200.0
1998-07-30,3.12,3.12,2.81,2.81,600.0,0.0,1.0,2.34,2.34,2.1075,2.1075,800.0
1998-07-29,3.19,3.19,2.81,3.0,6975.0,0.0,1.0,2.3925,2.3925,2.1075,2.25,9300.0
1998-07-28,3.0,3.19,2.87,2.94,25350.0,0.0,1.0,2.25,2.3925,2.1525,2.205,33800.0
1998-07-27,2.78,2.87,2.69,2.87,20475.0,0.0,1.0,2.085,2.1525,2.0175,2.1525,27300.0
1998-07-24,2.37,2.81,2.37,2.78,11850.0,0.0,1.0,1.7775,2.1075,1.7775,2.085,15800.0
1998-07-23,2.69,2.69,2.25,2.37,21600.0,0.0,1.0,2.0175,2.0175,1.6875,1.7775,28800.0
1998-07-22,2.69,2.81,2.69,2.72,6450.0,0.0,1.0,2.0175,2.1075,2.0175,2.04,8600.0
1998-07-21,3.0,3.0,2.75,2.81,63750.0,0.0,1.0,2.25,2.25,2.0625,2.1075,85000.0
1998-07-20,2.75,3.0,2.75,2.81,5250.0,0.0,1.0,2.0625,2.25,2.0625,2.1075,7000.0
1998-07-17,3.0,3.06,2.75,2.87,26775.0,0.0,1.0,2.25,2.295,2.0625,2.1525,35700.0
1998-07-16,3.12,3.25,3.03,3.12,27975.0,0.0,1.0,2.34,2.4375,2.2725,2.34,37300.0
1998-07-15,3.37,3.37,3.0,3.12,72300.0,0.0,1.0,2.5275,2.5275,2.25,2.34,96400.0
1998-07-14,3.75,3.75,3.44,3.5,11475.0,0.0,1.0,2.8125,2.8125,2.58,2.625,15300.0
1998-07-13,3.62,3.69,3.62,3.69,3000.0,0.0,1.0,2.715,2.7675,2.715,2.7675,4000.0
1998-07-10,3.87,3.87,3.5,3.81,23400.0,0.0,1.0,2.9025,2.9025,2.625,2.8575,31200.0
1998-07-09,3.87,4.0,3.87,4.0,3375.0,0.0,1.0,2.9025,3.0,2.9025,3.0,4500.0
1998-07-08,4.12,4.12,4.06,4.06,4800.0,0.0,1.0,3.09,3.09,3.045,3.045,6400.0
1998-07-07,4.25,4.25,4.0,4.12,2400.0,0.0,1.0,3.1875,3.1875,3.0,3.09,3200.0
1998-07-06,4.0,4.0,4.0,4.0,3975.0,0.0,1.0,3.0,3.0,3.0,3.0,5300.0
1998-07-02,4.12,4.12,3.87,3.87,10500.0,0.0,1.0,3.09,3.09,2.9025,2.9025,14000.0
1998-07-01,4.12,4.25,4.12,4.19,3675.0,0.0,1.0,3.09,3.1875,3.09,3.1425,4900.0
1998-06-30,4.06,4.37,4.06,4.37,33450.0,0.0,1.0,3.045,3.2775,3.045,3.2775,44600.0
1998-06-29,4.12,4.25,4.0,4.25,82875.0,0.0,1.0,3.09,3.1875,3.0,3.1875,110500.0
1998-06-26,3.87,3.87,3.87,3.87,150.0,0.0,1.0,2.9025,2.9025,2.9025,2.9025,200.0
1998-06-25,4.0,4.06,3.87,3.87,8700.0,0.0,1.0,3.0,3.045,2.9025,2.9025,11600.0
1998-06-24,4.12,4.25,4.0,4.0,15375.0,0.0,1.0,3.09,3.1875,3.0,3.0,20500.0
1998-06-23,4.0,4.06,4.0,4.06,2175.0,0.0,1.0,3.0,3.045,3.0,3.045,2900.0
1998-06-22,4.06,4.12,4.0,4.12,26250.0,0.0,1.0,3.045,3.09,3.0,3.09,35000.0
1998-06-19,4.12,4.12,4.06,4.06,24975.0,0.0,1.0,3.09,3.09,3.045,3.045,33300.0
1998-06-18,4.06,4.25,4.06,4.09,4650.0,0.0,1.0,3.045,3.1875,3.045,3.0675,6200.0
1998-06-17,4.0,4.06,3.94,3.94,21300.0,0.0,1.0,3.0,3.045,2.955,2.955,28400.0
1998-06-16,3.87,3.87,3.87,3.87,150.0,0.0,1.0,2.9025,2.9025,2.9025,2.9025,200.0
1998-06-15,4.06,4.06,4.06,4.06,0.0,0.0,1.0,3.045,3.045,3.045,3.045,0.0
1998-06-12,4.0,4.06,3.87,4.06,14550.0,0.0,1.0,3.0,3.045,2.9025,3.045,19400.0
1998-06-11,4.19,4.19,4.0,4.06,24000.0,0.0,1.0,3.1425,3.1425,3.0,3.045,32000.0
1998-06-10,4.19,4.19,4.12,4.12,750.0,0.0,1.0,3.1425,3.1425,3.09,3.09,1000.0
1998-06-09,4.19,4.25,4.06,4.06,13500.0,0.0,1.0,3.1425,3.1875,3.045,3.045,18000.0
1998-06-08,4.06,4.19,4.06,4.19,9300.0,0.0,1.0,3.045,3.1425,3.045,3.1425,12400.0
1998-06-05,4.12,4.12,4.12,4.12,0.0,0.0,1.0,3.09,3.09,3.09,3.09,0.0
1998-06-04,4.06,4.12,4.0,4.12,3075.0,0.0,1.0,3.045,3.09,3.0,3.09,4100.0
1998-06-03,4.06,4.25,4.06,4.19,42675.0,0.0,1.0,3.045,3.1875,3.045,3.1425,56900.0
1998-06-02,4.19,4.19,4.06,4.19,11475.0,0.0,1.0,3.1425,3.1425,3.045,3.1425,15300.0
1998-06-01,4.06,4.25,4.0,4.25,43500.0,0.0,1.0,3.045,3.1875,3.0,3.1875,58000.0
1998-05-29,4.25,4.25,4.0,4.09,45150.0,0.0,1.0,3.1875,3.1875,3.0,3.0675,60200.0
1998-05-28,4.12,4.12,4.06,4.06,10800.0,0.0,1.0,3.09,3.09,3.045,3.045,14400.0
1998-05-27,4.06,4.25,4.06,4.12,25800.0,0.0,1.0,3.045,3.1875,3.045,3.09,34400.0
1998-05-26,4.0,4.25,3.75,4.125,43650.0,0.0,1.0,3.0,3.1875,2.8125,3.09375,58200.0
1998-05-22,3.938,4.125,3.938,4.125,1800.0,0.0,1.0,2.9535,3.09375,2.9535,3.09375,2400.0
1998-05-21,4.063,4.063,3.813,4.0,11475.0,0.0,1.0,3.04725,3.04725,2.85975,3.0,15300.0
1998-05-20,3.938,4.0,3.938,4.0,675.0,0.0,1.0,2.9535,3.0,2.9535,3.0,900.0
1998-05-19,3.94,4.0,3.94,4.0,2700.0,0.0,1.0,2.955,3.0,2.955,3.0,3600.0
1998-05-18,4.0,4.0,3.625,3.813,137100.0,0.0,1.0,3.0,3.0,2.71875,2.85975,182800.0
1998-05-15,4.125,4.375,4.125,4.25,36375.0,0.0,1.0,3.09375,3.28125,3.09375,3.1875,48500.0
1998-05-14,4.0,4.188,4.0,4.0,76575.0,0.0,1.0,3.0,3.141,3.0,3.0,102100.0
1998-05-13,4.0,4.218999999999999,4.0,4.218999999999999,20250.0,0.0,1.0,3.0,3.16425,3.0,3.16425,27000.0
1998-05-12,4.188,4.25,4.125,4.188,13350.0,0.0,1.0,3.141,3.1875,3.09375,3.141,17800.0
1998-05-11,4.25,4.25,4.25,4.25,9450.0,0.0,1.0,3.1875,3.1875,3.1875,3.1875,12600.0
1998-05-08,4.125,4.25,4.125,4.25,15900.0,0.0,1.0,3.09375,3.1875,3.09375,3.1875,21200.0
1998-05-07,4.375,4.375,4.125,4.125,24675.0,0.0,1.0,3.28125,3.28125,3.09375,3.09375,32900.0
1998-05-06,4.25,4.375,4.125,4.25,45300.0,0.0,1.0,3.1875,3.28125,3.09375,3.1875,60400.0
1998-05-05,3.75,4.375,3.75,4.375,23550.0,0.0,1.0,2.8125,3.28125,2.8125,3.28125,31400.0
1998-05-04,3.875,4.0,3.875,3.938,3600.0,0.0,1.0,2.90625,3.0,2.90625,2.9535,4800.0
1998-05-01,3.938,4.125,3.938,4.063,5175.0,0.0,1.0,2.9535,3.09375,2.9535,3.04725,6900.0
1998-04-30,4.188,4.188,3.875,4.0,21600.0,0.0,1.0,3.141,3.141,2.90625,3.0,28800.0
1998-04-29,4.063,4.125,4.0,4.0,27000.0,0.0,1.0,3.04725,3.09375,3.0,3.0,36000.0
1998-04-28,4.0,4.125,3.875,3.875,14175.0,0.0,1.0,3.0,3.09375,2.90625,2.90625,18900.0
1998-04-27,4.0,4.0,3.875,4.0,8250.0,0.0,1.0,3.0,3.0,2.90625,3.0,11000.0
1998-04-24,4.125,4.188,4.125,4.188,375.0,0.0,1.0,3.09375,3.141,3.09375,3.141,500.0
1998-04-23,4.25,4.25,4.125,4.125,34950.0,0.0,1.0,3.1875,3.1875,3.09375,3.09375,46600.0
1998-04-22,4.125,4.25,4.125,4.125,151350.0,0.0,1.0,3.09375,3.1875,3.09375,3.09375,201800.0
1998-04-21,4.125,4.188,4.031000000000001,4.125,17175.0,0.0,1.0,3.09375,3.141,3.02325,3.09375,22900.0
1998-04-20,4.0,4.188,4.0,4.156000000000001,31350.0,0.0,1.0,3.0,3.141,3.0,3.117,41800.0
1998-04-17,4.375,4.375,4.25,4.25,13950.0,0.0,1.0,3.28125,3.28125,3.1875,3.1875,18600.0
1998-04-16,4.375,4.5,4.25,4.375,32550.0,0.0,1.0,3.28125,3.375,3.1875,3.28125,43400.0
1998-04-15,4.438,4.5,4.313,4.5,12900.0,0.0,1.0,3.3285,3.375,3.23475,3.375,17200.0
1998-04-14,4.375,4.438,4.313,4.438,30975.0,0.0,1.0,3.28125,3.3285,3.23475,3.3285,41300.0
1998-04-13,4.313,4.375,4.313,4.375,7950.0,0.0,1.0,3.23475,3.28125,3.23475,3.28125,10600.0
1998-04-09,4.313,4.313,4.313,4.313,975.0,0.0,1.0,3.23475,3.23475,3.23475,3.23475,1300.0
1998-04-08,4.313,4.375,4.313,4.375,10350.0,0.0,1.0,3.23475,3.28125,3.23475,3.28125,13800.0
1998-04-07,4.313,4.313,4.313,4.313,1950.0,0.0,1.0,3.23475,3.23475,3.23475,3.23475,2600.0
1998-04-06,4.5,4.5,4.375,4.375,7650.0,0.0,1.0,3.375,3.375,3.28125,3.28125,10200.0
1998-04-03,4.313,4.375,4.313,4.375,4650.0,0.0,1.0,3.23475,3.28125,3.23475,3.28125,6200.0
1998-04-02,4.438,4.438,4.313,4.313,19050.0,0.0,1.0,3.3285,3.3285,3.23475,3.23475,25400.0
1998-04-01,4.5,4.563,4.5,4.563,21600.0,0.0,1.0,3.375,3.42225,3.375,3.42225,28800.0
1998-03-31,4.5,4.5,4.375,4.5,68550.0,0.0,1.0,3.375,3.375,3.28125,3.375,91400.0
1998-03-30,4.875,4.875,4.5,4.563,29475.0,0.0,1.0,3.65625,3.65625,3.375,3.42225,39300.0
1998-03-27,4.75,4.875,4.563,4.688,48750.0,0.0,1.0,3.5625,3.65625,3.42225,3.516,65000.0
1998-03-26,4.156000000000001,4.313,4.093999999999999,4.313,59700.0,0.0,1.0,3.117,3.23475,3.0705,3.23475,79600.0
1998-03-25,4.25,4.25,4.063,4.125,14475.0,0.0,1.0,3.1875,3.1875,3.04725,3.09375,19300.0
1998-03-24,4.0,4.125,4.0,4.0,67500.0,0.0,1.0,3.0,3.09375,3.0,3.0,90000.0
1998-03-23,4.125,4.125,3.938,3.938,25800.0,0.0,1.0,3.09375,3.09375,2.9535,2.9535,34400.0
1998-03-20,4.0,4.0,4.0,4.0,2175.0,0.0,1.0,3.0,3.0,3.0,3.0,2900.0
1998-03-19,4.0,4.0,4.0,4.0,6600.0,0.0,1.0,3.0,3.0,3.0,3.0,8800.0
1998-03-18,4.125,4.125,4.063,4.063,450.0,0.0,1.0,3.09375,3.09375,3.04725,3.04725,600.0
1998-03-17,4.063,4.063,4.0,4.0,24975.0,0.0,1.0,3.04725,3.04725,3.0,3.0,33300.0
1998-03-16,4.125,4.125,4.125,4.125,4875.0,0.0,1.0,3.09375,3.09375,3.09375,3.09375,6500.0
1998-03-13,4.125,4.25,4.0,4.0,39375.0,0.0,1.0,3.09375,3.1875,3.0,3.0,52500.0
1998-03-12,4.0,4.0,4.0,4.0,975.0,0.0,1.0,3.0,3.0,3.0,3.0,1300.0
1998-03-11,4.125,4.125,4.0,4.0,3300.0,0.0,1.0,3.09375,3.09375,3.0,3.0,4400.0
1998-03-10,3.938,4.125,3.938,4.0,40275.0,0.0,1.0,2.9535,3.09375,2.9535,3.0,53700.0
1998-03-09,3.875,4.0,3.875,4.0,2700.0,0.0,1.0,2.90625,3.0,2.90625,3.0,3600.0
1998-03-06,4.0,4.0,3.875,3.938,9075.0,0.0,1.0,3.0,3.0,2.90625,2.9535,12100.0
1998-03-05,4.0,4.125,3.875,4.0,7350.0,0.0,1.0,3.0,3.09375,2.90625,3.0,9800.0
1998-03-04,4.0,4.0,3.813,3.813,11250.0,0.0,1.0,3.0,3.0,2.85975,2.85975,15000.0
1998-03-03,4.0,4.0,3.75,4.0,8400.0,0.0,1.0,3.0,3.0,2.8125,3.0,11200.0
1998-03-02,4.125,4.125,4.063,4.063,8850.0,0.0,1.0,3.09375,3.09375,3.04725,3.04725,11800.0
1998-02-27,4.125,4.25,4.063,4.125,26475.0,0.0,1.0,3.09375,3.1875,3.04725,3.09375,35300.0
1998-02-26,4.5,4.563,4.125,4.125,51300.0,0.0,1.0,3.375,3.42225,3.09375,3.09375,68400.0
1998-02-25,4.313,4.375,4.313,4.343999999999999,10950.0,0.0,1.0,3.23475,3.28125,3.23475,3.258,14600.0
1998-02-24,4.75,4.75,4.313,4.313,69150.0,0.0,1.0,3.5625,3.5625,3.23475,3.23475,92200.0
1998-02-23,4.5,4.5,4.375,4.5,3900.0,0.0,1.0,3.375,3.375,3.28125,3.375,5200.0
1998-02-20,4.37,4.37,4.37,4.37,0.0,0.0,1.0,3.2775,3.2775,3.2775,3.2775,0.0
1998-02-19,4.375,4.375,4.375,4.375,975.0,0.0,1.0,3.28125,3.28125,3.28125,3.28125,1300.0
1998-02-18,4.37,4.37,4.37,4.37,0.0,0.0,1.0,3.2775,3.2775,3.2775,3.2775,0.0
1998-02-17,4.625,4.625,4.375,4.375,4050.0,0.0,1.0,3.46875,3.46875,3.28125,3.28125,5400.0
1998-02-13,4.5,4.75,4.5,4.75,1650.0,0.0,1.0,3.375,3.5625,3.375,3.5625,2200.0
1998-02-12,4.5,4.75,4.313,4.75,15375.0,0.0,1.0,3.375,3.5625,3.23475,3.5625,20500.0
1998-02-11,4.375,4.5,4.375,4.5,7650.0,0.0,1.0,3.28125,3.375,3.28125,3.375,10200.0
1998-02-10,4.75,4.75,4.5,4.5,36750.0,0.0,1.0,3.5625,3.5625,3.375,3.375,49000.0
1998-02-09,4.5,4.75,4.5,4.75,2250.0,0.0,1.0,3.375,3.5625,3.375,3.5625,3000.0
1998-02-06,4.625,4.625,4.5,4.5,10875.0,0.0,1.0,3.46875,3.46875,3.375,3.375,14500.0
1998-02-05,4.563,4.625,4.563,4.625,1875.0,0.0,1.0,3.42225,3.46875,3.42225,3.46875,2500.0
1998-02-04,4.813,4.813,4.625,4.625,4950.0,0.0,1.0,3.60975,3.60975,3.46875,3.46875,6600.0
1998-02-03,5.0,5.0,4.875,4.875,8475.0,0.0,1.0,3.75,3.75,3.65625,3.65625,11300.0
1998-02-02,5.25,5.25,5.0,5.063,40875.0,0.0,1.0,3.9375,3.9375,3.75,3.79725,54500.0
1998-01-30,5.063,5.188,5.063,5.188,5775.0,0.0,1.0,3.79725,3.891,3.79725,3.891,7700.0
1998-01-29,4.875,5.0,4.875,5.0,10575.0,0.0,1.0,3.65625,3.75,3.65625,3.75,14100.0
1998-01-28,5.063,5.063,4.875,4.875,26700.0,0.0,1.0,3.79725,3.79725,3.65625,3.65625,35600.0
1998-01-27,4.875,5.063,4.875,5.063,3600.0,0.0,1.0,3.65625,3.79725,3.65625,3.79725,4800.0
1998-01-26,4.688,5.0,4.688,5.0,12975.0,0.0,1.0,3.516,3.75,3.516,3.75,17300.0
1998-01-23,4.438,4.563,4.438,4.563,77700.0,0.0,1.0,3.3285,3.42225,3.3285,3.42225,103600.0
1998-01-22,4.531000000000001,4.531000000000001,4.375,4.375,3750.0,0.0,1.0,3.39825,3.39825,3.28125,3.28125,5000.0
1998-01-21,4.5,4.75,4.438,4.563,63375.0,0.0,1.0,3.375,3.5625,3.3285,3.42225,84500.0
1998-01-20,4.625,4.625,4.375,4.375,3975.0,0.0,1.0,3.46875,3.46875,3.28125,3.28125,5300.0
1998-01-16,4.5,4.5,4.438,4.5,3975.0,0.0,1.0,3.375,3.375,3.3285,3.375,5300.0
1998-01-15,4.625,4.625,4.375,4.438,31875.0,0.0,1.0,3.46875,3.46875,3.28125,3.3285,42500.0
1998-01-14,4.563,4.625,4.375,4.563,31650.0,0.0,1.0,3.42225,3.46875,3.28125,3.42225,42200.0
1998-01-13,4.625,4.625,4.5,4.5,21675.0,0.0,1.0,3.46875,3.46875,3.375,3.375,28900.0
1998-01-12,4.75,4.75,4.5,4.5,6300.0,0.0,1.0,3.5625,3.5625,3.375,3.375,8400.0
1998-01-09,5.0,5.125,4.625,4.688,61575.0,0.0,1.0,3.75,3.84375,3.46875,3.516,82100.0
1998-01-08,5.0,5.0,4.688,5.0,2250.0,0.0,1.0,3.75,3.75,3.516,3.75,3000.0
1998-01-07,4.75,4.875,4.688,4.688,16350.0,0.0,1.0,3.5625,3.65625,3.516,3.516,21800.0
1998-01-06,4.75,4.75,4.563,4.75,19275.0,0.0,1.0,3.5625,3.5625,3.42225,3.5625,25700.0
1998-01-05,4.625,5.0,4.625,4.625,52800.0,0.0,1.0,3.46875,3.75,3.46875,3.46875,70400.0
1998-01-02,4.75,4.75,4.5,4.5,10575.0,0.0,1.0,3.5625,3.5625,3.375,3.375,14100.0
1997-12-31,4.625,4.75,4.5,4.5,84300.0,0.0,1.0,3.46875,3.5625,3.375,3.375,112400.0
1997-12-30,4.5,4.625,4.313,4.438,22200.0,0.0,1.0,3.375,3.46875,3.23475,3.3285,29600.0
1997-12-29,4.875,5.0,4.438,4.438,18375.0,0.0,1.0,3.65625,3.75,3.3285,3.3285,24500.0
1997-12-26,4.875,4.875,4.875,4.875,3000.0,0.0,1.0,3.65625,3.65625,3.65625,3.65625,4000.0
1997-12-24,5.25,5.25,5.0,5.125,750.0,0.0,1.0,3.9375,3.9375,3.75,3.84375,1000.0
1997-12-23,5.125,5.375,5.0,5.125,11550.0,0.0,1.0,3.84375,4.03125,3.75,3.84375,15400.0
1997-12-22,5.0,5.125,5.0,5.0,3750.0,0.0,1.0,3.75,3.84375,3.75,3.75,5000.0
1997-12-19,5.0,5.0,5.0,5.0,7275.0,0.0,1.0,3.75,3.75,3.75,3.75,9700.0
1997-12-18,5.25,5.5,5.25,5.25,3375.0,0.0,1.0,3.9375,4.125,3.9375,3.9375,4500.0
1997-12-17,5.125,5.375,4.875,5.375,32775.0,0.0,1.0,3.84375,4.03125,3.65625,4.03125,43700.0
1997-12-16,5.0,5.125,4.75,5.125,9150.0,0.0,1.0,3.75,3.84375,3.5625,3.84375,12200.0
1997-12-15,5.25,5.25,4.875,5.0,13575.0,0.0,1.0,3.9375,3.9375,3.65625,3.75,18100.0
1997-12-12,5.5,5.5,5.125,5.125,33000.0,0.0,1.0,4.125,4.125,3.84375,3.84375,44000.0
1997-12-11,5.375,5.625,5.25,5.25,4650.0,0.0,1.0,4.03125,4.21875,3.9375,3.9375,6200.0
1997-12-10,6.0,6.0,5.5,5.625,19050.0,0.0,1.0,4.5,4.5,4.125,4.21875,25400.0
1997-12-09,5.563,5.875,5.5,5.625,27750.0,0.0,1.0,4.17225,4.40625,4.125,4.21875,37000.0
1997-12-08,5.625,5.625,5.625,5.625,7950.0,0.0,1.0,4.21875,4.21875,4.21875,4.21875,10600.0
1997-12-05,5.75,5.75,5.75,5.75,1875.0,0.0,1.0,4.3125,4.3125,4.3125,4.3125,2500.0
1997-12-04,5.625,5.625,5.625,5.625,2700.0,0.0,1.0,4.21875,4.21875,4.21875,4.21875,3600.0
1997-12-03,5.75,5.813,5.688,5.688,6750.0,0.0,1.0,4.3125,4.35975,4.266,4.266,9000.0
1997-12-02,5.875,5.875,5.875,5.875,10950.0,0.0,1.0,4.40625,4.40625,4.40625,4.40625,14600.0
1997-12-01,5.625,5.625,5.625,5.625,975.0,0.0,1.0,4.21875,4.21875,4.21875,4.21875,1300.0
1997-11-28,5.625,5.625,5.625,5.625,1950.0,0.0,1.0,4.21875,4.21875,4.21875,4.21875,2600.0
1997-11-26,5.81,5.81,5.81,5.81,0.0,0.0,1.0,4.3575,4.3575,4.3575,4.3575,0.0
1997-11-25,5.813,5.813,5.813,5.813,10950.0,0.0,1.0,4.35975,4.35975,4.35975,4.35975,14600.0
1997-11-24,5.75,5.813,5.75,5.813,2100.0,0.0,1.0,4.3125,4.35975,4.3125,4.35975,2800.0
1997-11-21,5.875,5.875,5.625,5.625,54300.0,0.0,1.0,4.40625,4.40625,4.21875,4.21875,72400.0
1997-11-20,5.625,5.875,5.625,5.875,7350.0,0.0,1.0,4.21875,4.40625,4.21875,4.40625,9800.0
1997-11-19,5.75,5.75,5.688,5.688,9450.0,0.0,1.0,4.3125,4.3125,4.266,4.266,12600.0
1997-11-18,6.0,6.0,6.0,6.0,0.0,0.0,1.0,4.5,4.5,4.5,4.5,0.0
1997-11-17,6.0,6.0,5.875,6.0,4500.0,0.0,1.0,4.5,4.5,4.40625,4.5,6000.0
1997-11-14,6.0,6.0,5.875,5.875,1050.0,0.0,1.0,4.5,4.5,4.40625,4.40625,1400.0
1997-11-13,5.875,5.875,5.875,5.875,150.0,0.0,1.0,4.40625,4.40625,4.40625,4.40625,200.0
1997-11-12,5.875,6.125,5.875,6.125,12900.0,0.0,1.0,4.40625,4.59375,4.40625,4.59375,17200.0
1997-11-11,5.75,6.125,5.75,6.125,16200.0,0.0,1.0,4.3125,4.59375,4.3125,4.59375,21600.0
1997-11-10,6.25,6.25,6.0,6.0,9975.0,0.0,1.0,4.6875,4.6875,4.5,4.5,13300.0
1997-11-07,5.938,5.938,5.938,5.938,975.0,0.0,1.0,4.4535,4.4535,4.4535,4.4535,1300.0
1997-11-06,5.938,5.938,5.938,5.938,300.0,0.0,1.0,4.4535,4.4535,4.4535,4.4535,400.0
1997-11-05,5.938,6.0,5.938,6.0,5400.0,0.0,1.0,4.4535,4.5,4.4535,4.5,7200.0
1997-11-04,5.938,6.125,5.938,6.0,2175.0,0.0,1.0,4.4535,4.59375,4.4535,4.5,2900.0
1997-11-03,6.375,6.375,5.875,5.875,18900.0,0.0,1.0,4.78125,4.78125,4.40625,4.40625,25200.0
1997-10-31,6.5,6.5,6.0,6.375,1275.0,0.0,1.0,4.875,4.875,4.5,4.78125,1700.0
1997-10-30,6.125,6.375,6.0,6.093999999999999,67575.0,0.0,1.0,4.59375,4.78125,4.5,4.5705,90100.0
1997-10-29,6.25,6.375,6.063,6.375,24900.0,0.0,1.0,4.6875,4.78125,4.54725,4.78125,33200.0
1997-10-28,6.125,6.375,5.875,6.25,25800.0,0.0,1.0,4.59375,4.78125,4.40625,4.6875,34400.0
1997-10-27,6.5,6.625,6.125,6.125,19050.0,0.0,1.0,4.875,4.96875,4.59375,4.59375,25400.0
1997-10-24,6.75,6.813,6.5,6.5,45675.0,0.0,1.0,5.0625,5.10975,4.875,4.875,60900.0
1997-10-23,6.375,6.688,6.0,6.688,198900.0,0.0,1.0,4.78125,5.016,4.5,5.016,265200.0
1997-10-22,6.5,6.625,6.375,6.438,13500.0,0.0,1.0,4.875,4.96875,4.78125,4.8285,18000.0
1997-10-21,6.313,6.5,6.25,6.5,11100.0,0.0,1.0,4.73475,4.875,4.6875,4.875,14800.0
1997-10-20,6.313,6.5,6.313,6.313,3300.0,0.0,1.0,4.73475,4.875,4.73475,4.73475,4400.0
1997-10-17,6.438,6.5,6.375,6.438,7575.0,0.0,1.0,4.8285,4.875,4.78125,4.8285,10100.0
1997-10-16,6.75,6.75,6.5,6.5,3975.0,0.0,1.0,5.0625,5.0625,4.875,4.875,5300.0
1997-10-15,6.313,6.75,6.313,6.75,6600.0,0.0,1.0,4.73475,5.0625,4.73475,5.0625,8800.0
1997-10-14,6.625,6.625,6.375,6.625,2700.0,0.0,1.0,4.96875,4.96875,4.78125,4.96875,3600.0
1997-10-13,6.75,6.75,6.625,6.625,17250.0,0.0,1.0,5.0625,5.0625,4.96875,4.96875,23000.0
1997-10-10,6.813,6.938,6.688,6.75,33000.0,0.0,1.0,5.10975,5.2035,5.016,5.0625,44000.0
1997-10-09,6.875,6.875,6.75,6.75,18300.0,0.0,1.0,5.15625,5.15625,5.0625,5.0625,24400.0
1997-10-08,6.25,6.813,6.25,6.813,32175.0,0.0,1.0,4.6875,5.10975,4.6875,5.10975,42900.0
1997-10-07,6.125,6.5,6.0,6.25,113175.0,0.0,1.0,4.59375,4.875,4.5,4.6875,150900.0
1997-10-06,6.438,6.813,6.438,6.438,6675.0,0.0,1.0,4.8285,5.10975,4.8285,4.8285,8900.0
1997-10-03,6.938,6.938,6.938,6.938,150.0,0.0,1.0,5.2035,5.2035,5.2035,5.2035,200.0
1997-10-02,7.0,7.0,7.0,7.0,1350.0,0.0,1.0,5.25,5.25,5.25,5.25,1800.0
1997-10-01,7.0,7.0,6.875,7.0,3300.0,0.0,1.0,5.25,5.25,5.15625,5.25,4400.0
1997-09-30,7.0,7.0,6.75,6.875,10950.0,0.0,1.0,5.25,5.25,5.0625,5.15625,14600.0
1997-09-29,7.25,7.25,6.938,7.0,4575.0,0.0,1.0,5.4375,5.4375,5.2035,5.25,6100.0
1997-09-26,6.875,7.0,6.875,6.938,29700.0,0.0,1.0,5.15625,5.25,5.15625,5.2035,39600.0
1997-09-25,6.906000000000001,6.938,6.813,6.813,9300.0,0.0,1.0,5.1795,5.2035,5.10975,5.10975,12400.0
1997-09-24,6.875,6.938,6.75,6.843999999999999,17475.0,0.0,1.0,5.15625,5.2035,5.0625,5.132999999999999,23300.0
1997-09-23,6.75,7.0,6.75,7.0,10800.0,0.0,1.0,5.0625,5.25,5.0625,5.25,14400.0
1997-09-22,6.688,6.75,6.688,6.75,9900.0,0.0,1.0,5.016,5.0625,5.016,5.0625,13200.0
1997-09-19,6.75,6.875,6.563,6.625,18000.0,0.0,1.0,5.0625,5.15625,4.92225,4.96875,24000.0
1997-09-18,6.56,6.56,6.56,6.56,0.0,0.0,1.0,4.92,4.92,4.92,4.92,0.0
1997-09-17,6.563,6.813,6.563,6.563,1800.0,0.0,1.0,4.92225,5.10975,4.92225,4.92225,2400.0
1997-09-16,6.938,7.063,6.563,6.813,45300.0,0.0,1.0,5.2035,5.29725,4.92225,5.10975,60400.0
1997-09-15,6.813,7.063,6.5,7.063,112200.0,0.0,1.0,5.10975,5.29725,4.875,5.29725,149600.0
1997-09-12,6.125,6.5,6.0,6.5,25575.0,0.0,1.0,4.59375,4.875,4.5,4.875,34100.0
1997-09-11,6.125,6.25,5.938,5.938,18675.0,0.0,1.0,4.59375,4.6875,4.4535,4.4535,24900.0
1997-09-10,6.375,6.375,5.75,6.063,29775.0,0.0,1.0,4.78125,4.78125,4.3125,4.54725,39700.0
1997-09-09,6.563,6.688,6.438,6.438,6900.0,0.0,1.0,4.92225,5.016,4.8285,4.8285,9200.0
1997-09-08,6.563,6.563,6.313,6.563,5700.0,0.0,1.0,4.92225,4.92225,4.73475,4.92225,7600.0
1997-09-05,6.438,6.5,6.438,6.5,18900.0,0.0,1.0,4.8285,4.875,4.8285,4.875,25200.0
1997-09-04,6.468999999999999,6.468999999999999,6.438,6.438,2775.0,0.0,1.0,4.85175,4.85175,4.8285,4.8285,3700.0
1997-09-03,7.0,7.0,6.438,6.468999999999999,25650.0,0.0,1.0,5.25,5.25,4.8285,4.85175,34200.0
1997-09-02,6.813,6.938,6.688,6.938,35100.0,0.0,1.0,5.10975,5.2035,5.016,5.2035,46800.0
1997-08-29,6.75,6.875,6.5,6.625,25050.0,0.0,1.0,5.0625,5.15625,4.875,4.96875,33400.0
1997-08-28,6.125,7.0,6.125,6.688,67650.0,0.0,1.0,4.59375,5.25,4.59375,5.016,90200.0
1997-08-27,5.813,6.125,5.813,6.125,112200.0,0.0,1.0,4.35975,4.59375,4.35975,4.59375,149600.0
1997-08-26,5.5,5.75,5.375,5.75,43350.0,0.0,1.0,4.125,4.3125,4.03125,4.3125,57800.0
1997-08-25,5.313,5.5,5.313,5.5,16275.0,0.0,1.0,3.98475,4.125,3.98475,4.125,21700.0
1997-08-22,5.313,5.406000000000001,5.313,5.313,11700.0,0.0,1.0,3.98475,4.0545,3.98475,3.98475,15600.0
1997-08-21,5.468999999999999,5.563,5.375,5.438,17775.0,0.0,1.0,4.10175,4.17225,4.03125,4.0785,23700.0
1997-08-20,5.5,5.5,5.375,5.5,5250.0,0.0,1.0,4.125,4.125,4.03125,4.125,7000.0
1997-08-19,5.5,5.563,5.25,5.5,32775.0,0.0,1.0,4.125,4.17225,3.9375,4.125,43700.0
1997-08-18,5.313,5.5,5.125,5.375,15000.0,0.0,1.0,3.98475,4.125,3.84375,4.03125,20000.0
1997-08-15,5.313,5.75,5.313,5.5,11700.0,0.0,1.0,3.98475,4.3125,3.98475,4.125,15600.0
1997-08-14,5.813,5.875,5.688,5.75,16800.0,0.0,1.0,4.35975,4.40625,4.266,4.3125,22400.0
1997-08-13,5.625,5.75,5.563,5.75,3150.0,0.0,1.0,4.21875,4.3125,4.17225,4.3125,4200.0
1997-08-12,5.75,5.875,5.625,5.688,20250.0,0.0,1.0,4.3125,4.40625,4.21875,4.266,27000.0
1997-08-11,5.938,6.0,5.75,5.75,8175.0,0.0,1.0,4.4535,4.5,4.3125,4.3125,10900.0
1997-08-08,5.938,6.063,5.938,6.0,4800.0,0.0,1.0,4.4535,4.54725,4.4535,4.5,6400.0
1997-08-07,6.25,6.375,6.063,6.063,17550.0,0.0,1.0,4.6875,4.78125,4.54725,4.54725,23400.0
1997-08-06,6.25,6.375,6.063,6.25,36075.0,0.0,1.0,4.6875,4.78125,4.54725,4.6875,48100.0
1997-08-05,6.0,6.25,6.0,6.0,113775.0,0.0,1.0,4.5,4.6875,4.5,4.5,151700.0
1997-08-04,5.5,5.75,5.375,5.75,24000.0,0.0,1.0,4.125,4.3125,4.03125,4.3125,32000.0
1997-08-01,5.5,5.625,5.5,5.5,1575.0,0.0,1.0,4.125,4.21875,4.125,4.125,2100.0
1997-07-31,5.375,5.563,5.25,5.5,136875.0,0.0,1.0,4.03125,4.17225,3.9375,4.125,182500.0
1997-07-30,5.063,5.313,4.938,5.25,79575.0,0.0,1.0,3.79725,3.98475,3.7035,3.9375,106100.0
1997-07-29,5.063,5.188,4.938,5.0,26250.0,0.0,1.0,3.79725,3.891,3.7035,3.75,35000.0
1997-07-28,4.94,5.19,4.94,5.0,2550.0,0.0,1.0,3.705,3.8925,3.705,3.75,3400.0
1997-07-25,5.12,5.12,5.12,5.12,0.0,0.0,1.0,3.84,3.84,3.84,3.84,0.0
1997-07-24,5.0,5.125,5.0,5.125,4200.0,0.0,1.0,3.75,3.84375,3.75,3.84375,5600.0
1997-07-23,5.063,5.063,5.063,5.063,5250.0,0.0,1.0,3.79725,3.79725,3.79725,3.79725,7000.0
1997-07-22,5.25,5.25,5.25,5.25,2775.0,0.0,1.0,3.9375,3.9375,3.9375,3.9375,3700.0
1997-07-21,5.25,5.25,5.25,5.25,0.0,0.0,1.0,3.9375,3.9375,3.9375,3.9375,0.0
1997-07-18,5.25,5.25,5.25,5.25,600.0,0.0,1.0,3.9375,3.9375,3.9375,3.9375,800.0
1997-07-17,5.25,5.25,5.0,5.25,750.0,0.0,1.0,3.9375,3.9375,3.75,3.9375,1000.0
1997-07-16,5.25,5.25,5.0,5.25,6600.0,0.0,1.0,3.9375,3.9375,3.75,3.9375,8800.0
1997-07-15,5.25,5.375,5.063,5.375,2250.0,0.0,1.0,3.9375,4.03125,3.79725,4.03125,3000.0
1997-07-14,5.31,5.37,5.06,5.06,9450.0,0.0,1.0,3.9825,4.0275,3.795,3.795,12600.0
1997-07-11,5.25,5.25,5.0,5.125,1200.0,0.0,1.0,3.9375,3.9375,3.75,3.84375,1600.0
1997-07-10,5.25,5.25,5.25,5.25,9300.0,0.0,1.0,3.9375,3.9375,3.9375,3.9375,12400.0
1997-07-09,5.25,5.25,5.25,5.25,375.0,0.0,1.0,3.9375,3.9375,3.9375,3.9375,500.0
1997-07-08,5.0,5.375,5.0,5.125,6750.0,0.0,1.0,3.75,4.03125,3.75,3.84375,9000.0
1997-07-07,5.125,5.25,5.0,5.125,7200.0,0.0,1.0,3.84375,3.9375,3.75,3.84375,9600.0
1997-07-03,5.31,5.31,5.31,5.31,0.0,0.0,1.0,3.9825,3.9825,3.9825,3.9825,0.0
1997-07-02,5.375,5.375,5.125,5.313,3975.0,0.0,1.0,4.03125,4.03125,3.84375,3.98475,5300.0
1997-07-01,5.375,5.375,5.188,5.25,29250.0,0.0,1.0,4.03125,4.03125,3.891,3.9375,39000.0
1997-06-30,5.438,5.5,5.438,5.5,4200.0,0.0,1.0,4.0785,4.125,4.0785,4.125,5600.0
1997-06-27,5.25,5.5,5.25,5.5,10875.0,0.0,1.0,3.9375,4.125,3.9375,4.125,14500.0
1997-06-26,5.0,5.25,5.0,5.25,13875.0,0.0,1.0,3.75,3.9375,3.75,3.9375,18500.0
1997-06-25,5.438,5.75,4.625,4.875,30150.0,0.0,1.0,4.0785,4.3125,3.46875,3.65625,40200.0
1997-06-24,5.5,5.75,5.5,5.625,4050.0,0.0,1.0,4.125,4.3125,4.125,4.21875,5400.0
1997-06-23,5.5,5.5,5.5,5.5,3375.0,0.0,1.0,4.125,4.125,4.125,4.125,4500.0
1997-06-20,5.75,5.75,5.5,5.5,2100.0,0.0,1.0,4.3125,4.3125,4.125,4.125,2800.0
1997-06-19,5.688,5.938,5.5,5.5,38250.0,0.0,1.0,4.266,4.4535,4.125,4.125,51000.0
1997-06-18,5.813,5.875,5.813,5.813,9000.0,0.0,1.0,4.35975,4.40625,4.35975,4.35975,12000.0
1997-06-17,5.813,5.938,5.813,5.813,3450.0,0.0,1.0,4.35975,4.4535,4.35975,4.35975,4600.0
1997-06-16,5.813,5.813,5.75,5.813,4500.0,0.0,1.0,4.35975,4.35975,4.3125,4.35975,6000.0
1997-06-13,6.0,6.0,5.813,5.813,3300.0,0.0,1.0,4.5,4.5,4.35975,4.35975,4400.0
1997-06-12,6.0,6.0,6.0,6.0,3000.0,0.0,1.0,4.5,4.5,4.5,4.5,4000.0
1997-06-11,5.813,5.813,5.813,5.813,3000.0,0.0,1.0,4.35975,4.35975,4.35975,4.35975,4000.0
1997-06-10,6.0,6.125,5.813,5.813,37800.0,0.0,1.0,4.5,4.59375,4.35975,4.35975,50400.0
1997-06-09,5.843999999999999,5.875,5.75,5.875,7950.0,0.0,1.0,4.383,4.40625,4.3125,4.40625,10600.0
1997-06-06,6.125,6.125,5.75,5.875,2550.0,0.0,1.0,4.59375,4.59375,4.3125,4.40625,3400.0
1997-06-05,6.125,6.125,6.125,6.125,600.0,0.0,1.0,4.59375,4.59375,4.59375,4.59375,800.0
1997-06-04,5.81,5.81,5.81,5.81,0.0,0.0,1.0,4.3575,4.3575,4.3575,4.3575,0.0
1997-06-03,5.813,5.813,5.813,5.813,150.0,0.0,1.0,4.35975,4.35975,4.35975,4.35975,200.0
1997-06-02,5.813,5.875,5.813,5.813,6975.0,0.0,1.0,4.35975,4.40625,4.35975,4.35975,9300.0
1997-05-30,5.813,6.0,5.813,5.875,1875.0,0.0,1.0,4.35975,4.5,4.35975,4.40625,2500.0
1997-05-29,5.875,6.0,5.688,6.0,7050.0,0.0,1.0,4.40625,4.5,4.266,4.5,9400.0
1997-05-28,5.688,5.688,5.688,5.688,75.0,0.0,1.0,4.266,4.266,4.266,4.266,100.0
1997-05-27,5.688,6.0,5.688,5.688,10500.0,0.0,1.0,4.266,4.5,4.266,4.266,14000.0
1997-05-23,6.0,6.0,5.75,5.75,6375.0,0.0,1.0,4.5,4.5,4.3125,4.3125,8500.0
1997-05-22,5.813,6.0,5.813,6.0,675.0,0.0,1.0,4.35975,4.5,4.35975,4.5,900.0
1997-05-21,6.063,6.125,5.875,6.0,19575.0,0.0,1.0,4.54725,4.59375,4.40625,4.5,26100.0
1997-05-20,6.0,6.25,6.0,6.125,20250.0,0.0,1.0,4.5,4.6875,4.5,4.59375,27000.0
1997-05-19,6.0,6.0,5.75,6.0,1500.0,0.0,1.0,4.5,4.5,4.3125,4.5,2000.0
1997-05-16,5.81,5.81,5.81,5.81,0.0,0.0,1.0,4.3575,4.3575,4.3575,4.3575,0.0
1997-05-15,5.75,6.0,5.625,5.813,33450.0,0.0,1.0,4.3125,4.5,4.21875,4.35975,44600.0
1997-05-14,6.125,6.125,6.0,6.0,5700.0,0.0,1.0,4.59375,4.59375,4.5,4.5,7600.0
1997-05-13,6.25,6.25,6.25,6.25,1575.0,0.0,1.0,4.6875,4.6875,4.6875,4.6875,2100.0
1997-05-12,6.438,6.5,6.313,6.438,12750.0,0.0,1.0,4.8285,4.875,4.73475,4.8285,17000.0
1997-05-09,6.313,6.375,6.25,6.313,15975.0,0.0,1.0,4.73475,4.78125,4.6875,4.73475,21300.0
1997-05-08,6.0,6.25,6.0,6.25,17550.0,0.0,1.0,4.5,4.6875,4.5,4.6875,23400.0
1997-05-07,5.875,5.875,5.875,5.875,450.0,0.0,1.0,4.40625,4.40625,4.40625,4.40625,600.0
1997-05-06,6.0,6.25,6.0,6.0,750.0,0.0,1.0,4.5,4.6875,4.5,4.5,1000.0
1997-05-05,6.12,6.12,6.12,6.12,0.0,0.0,1.0,4.59,4.59,4.59,4.59,0.0
1997-05-02,5.875,6.125,5.625,6.125,7200.0,0.0,1.0,4.40625,4.59375,4.21875,4.59375,9600.0
1997-05-01,5.875,5.875,5.875,5.875,300.0,0.0,1.0,4.40625,4.40625,4.40625,4.40625,400.0
1997-04-30,5.875,6.0,5.625,5.75,22050.0,0.0,1.0,4.40625,4.5,4.21875,4.3125,29400.0
1997-04-29,6.5,6.5,6.0,6.0,51150.0,0.0,1.0,4.875,4.875,4.5,4.5,68200.0
1997-04-28,6.5,6.5,6.281000000000001,6.281000000000001,4950.0,0.0,1.0,4.875,4.875,4.71075,4.71075,6600.0
1997-04-25,6.938,6.938,6.75,6.75,6450.0,0.0,1.0,5.2035,5.2035,5.0625,5.0625,8600.0
1997-04-24,7.0,7.0,7.0,7.0,0.0,0.0,1.0,5.25,5.25,5.25,5.25,0.0
1997-04-23,7.0,7.0,7.0,7.0,0.0,0.0,1.0,5.25,5.25,5.25,5.25,0.0
1997-04-22,7.0,7.0,6.625,7.0,7575.0,0.0,1.0,5.25,5.25,4.96875,5.25,10100.0
1997-04-21,7.0,7.0,7.0,7.0,3000.0,0.0,1.0,5.25,5.25,5.25,5.25,4000.0
1997-04-18,6.875,6.938,6.875,6.938,14475.0,0.0,1.0,5.15625,5.2035,5.15625,5.2035,19300.0
1997-04-17,6.25,6.75,6.25,6.75,10950.0,0.0,1.0,4.6875,5.0625,4.6875,5.0625,14600.0
1997-04-16,6.125,6.25,6.125,6.25,1800.0,0.0,1.0,4.59375,4.6875,4.59375,4.6875,2400.0
1997-04-15,6.5,6.75,6.25,6.5,21075.0,0.0,1.0,4.875,5.0625,4.6875,4.875,28100.0
1997-04-14,6.875,7.0,6.625,6.625,13950.0,0.0,1.0,5.15625,5.25,4.96875,4.96875,18600.0
1997-04-11,7.0,7.125,6.75,6.75,16875.0,0.0,1.0,5.25,5.34375,5.0625,5.0625,22500.0
1997-04-10,6.5,7.25,6.5,7.25,72675.0,0.0,1.0,4.875,5.4375,4.875,5.4375,96900.0
1997-04-09,6.5,6.625,6.375,6.5,22875.0,0.0,1.0,4.875,4.96875,4.78125,4.875,30500.0
1997-04-08,6.125,6.375,6.125,6.375,4875.0,0.0,1.0,4.59375,4.78125,4.59375,4.78125,6500.0
1997-04-07,6.25,6.5,6.25,6.375,10500.0,0.0,1.0,4.6875,4.875,4.6875,4.78125,14000.0
1997-04-04,6.25,6.375,5.875,6.375,25275.0,0.0,1.0,4.6875,4.78125,4.40625,4.78125,33700.0
1997-04-03,6.0,6.5,5.75,6.375,18000.0,0.0,1.0,4.5,4.875,4.3125,4.78125,24000.0
1997-04-02,6.0,6.0,5.75,5.813,24300.0,0.0,1.0,4.5,4.5,4.3125,4.35975,32400.0
1997-04-01,5.375,6.5,5.375,6.0,63750.0,0.0,1.0,4.03125,4.875,4.03125,4.5,85000.0
1997-03-31,5.375,5.375,5.0,5.375,13050.0,0.0,1.0,4.03125,4.03125,3.75,4.03125,17400.0
1997-03-27,4.75,4.75,4.375,4.75,13275.0,0.0,1.0,3.5625,3.5625,3.28125,3.5625,17700.0
1997-03-26,4.625,4.625,4.375,4.625,12150.0,0.0,1.0,3.46875,3.46875,3.28125,3.46875,16200.0
1997-03-25,4.688,4.75,4.375,4.75,19575.0,0.0,1.0,3.516,3.5625,3.28125,3.5625,26100.0
1997-03-24,4.75,4.875,4.563,4.563,18600.0,0.0,1.0,3.5625,3.65625,3.42225,3.42225,24800.0
1997-03-21,4.5,5.0,4.5,4.625,44775.0,0.0,1.0,3.375,3.75,3.375,3.46875,59700.0
1997-03-20,4.75,4.875,4.5,4.75,7200.0,0.0,1.0,3.5625,3.65625,3.375,3.5625,9600.0
1997-03-19,4.875,5.0,4.375,4.875,10275.0,0.0,1.0,3.65625,3.75,3.28125,3.65625,13700.0
1997-03-18,5.25,6.0,5.0,5.0,10875.0,0.0,1.0,3.9375,4.5,3.75,3.75,14500.0
1997-03-17,5.375,5.5,4.625,4.938,19650.0,0.0,1.0,4.03125,4.125,3.46875,3.7035,26200.0
1997-03-14,6.313,6.5,5.875,5.875,29175.0,0.0,1.0,4.73475,4.875,4.40625,4.40625,38900.0
1997-03-13,6.5,6.625,6.313,6.5,17550.0,0.0,1.0,4.875,4.96875,4.73475,4.875,23400.0
1997-03-12,6.0,6.375,5.938,6.188,32850.0,0.0,1.0,4.5,4.78125,4.4535,4.641,43800.0
1997-03-11,6.0,6.125,5.875,5.875,5250.0,0.0,1.0,4.5,4.59375,4.40625,4.40625,7000.0
1997-03-10,5.875,5.875,5.875,5.875,1950.0,0.0,1.0,4.40625,4.40625,4.40625,4.40625,2600.0
1997-03-07,5.875,5.875,5.625,5.875,1950.0,0.0,1.0,4.40625,4.40625,4.21875,4.40625,2600.0
1997-03-06,5.75,6.375,5.75,5.75,9075.0,0.0,1.0,4.3125,4.78125,4.3125,4.3125,12100.0
1997-03-05,6.375,6.375,5.875,5.875,5475.0,0.0,1.0,4.78125,4.78125,4.40625,4.40625,7300.0
1997-03-04,6.25,6.75,6.25,6.25,2775.0,0.0,1.0,4.6875,5.0625,4.6875,4.6875,3700.0
1997-03-03,6.25,6.25,6.25,6.25,0.0,0.0,1.0,4.6875,4.6875,4.6875,4.6875,0.0
1997-02-28,6.25,6.25,6.25,6.25,600.0,0.0,1.0,4.6875,4.6875,4.6875,4.6875,800.0
1997-02-27,6.25,6.25,6.25,6.25,150.0,0.0,1.0,4.6875,4.6875,4.6875,4.6875,200.0
1997-02-26,6.75,6.75,6.75,6.75,0.0,0.0,1.0,5.0625,5.0625,5.0625,5.0625,0.0
1997-02-25,6.75,6.75,6.75,6.75,375.0,0.0,1.0,5.0625,5.0625,5.0625,5.0625,500.0
1997-02-24,6.375,6.75,6.375,6.75,1275.0,0.0,1.0,4.78125,5.0625,4.78125,5.0625,1700.0
1997-02-21,6.5,6.5,6.5,6.5,1950.0,0.0,1.0,4.875,4.875,4.875,4.875,2600.0
1997-02-20,7.188,7.375,6.25,6.25,11775.0,0.0,1.0,5.391,5.53125,4.6875,4.6875,15700.0
1997-02-19,7.188,7.375,7.188,7.188,3600.0,0.0,1.0,5.391,5.53125,5.391,5.391,4800.0
1997-02-18,7.313,7.375,7.188,7.313,7500.0,0.0,1.0,5.48475,5.53125,5.391,5.48475,10000.0
1997-02-14,6.75,7.375,6.75,7.375,49200.0,0.0,1.0,5.0625,5.53125,5.0625,5.53125,65600.0
1997-02-13,7.0,7.0,7.0,7.0,0.0,0.0,1.0,5.25,5.25,5.25,5.25,0.0
1997-02-12,6.75,6.75,6.75,6.75,1500.0,0.0,1.0,5.0625,5.0625,5.0625,5.0625,2000.0
1997-02-11,6.75,6.75,6.75,6.75,3975.0,0.0,1.0,5.0625,5.0625,5.0625,5.0625,5300.0
1997-02-10,7.0,7.0,7.0,7.0,0.0,0.0,1.0,5.25,5.25,5.25,5.25,0.0
1997-02-07,6.938,7.25,6.938,7.0,3450.0,0.0,1.0,5.2035,5.4375,5.2035,5.25,4600.0
1997-02-06,7.0,7.0,7.0,7.0,0.0,0.0,1.0,5.25,5.25,5.25,5.25,0.0
1997-02-05,6.875,7.125,6.875,7.0,3750.0,0.0,1.0,5.15625,5.34375,5.15625,5.25,5000.0
1997-02-04,6.87,6.87,6.87,6.87,0.0,0.0,1.0,5.1525,5.1525,5.1525,5.1525,0.0
1997-02-03,6.875,6.875,6.875,6.875,450.0,0.0,1.0,5.15625,5.15625,5.15625,5.15625,600.0
1997-01-31,7.0,7.5,7.0,7.25,7200.0,0.0,1.0,5.25,5.625,5.25,5.4375,9600.0
1997-01-30,7.0,7.0,7.0,7.0,0.0,0.0,1.0,5.25,5.25,5.25,5.25,0.0
1997-01-29,7.0,7.0,7.0,7.0,0.0,0.0,1.0,5.25,5.25,5.25,5.25,0.0
1997-01-28,7.375,7.375,6.625,7.0,675.0,0.0,1.0,5.53125,5.53125,4.96875,5.25,900.0
1997-01-27,7.5,7.5,7.375,7.375,1200.0,0.0,1.0,5.625,5.625,5.53125,5.53125,1600.0
1997-01-24,7.5,7.5,7.5,7.5,0.0,0.0,1.0,5.625,5.625,5.625,5.625,0.0
1997-01-23,7.125,7.5,7.125,7.5,4275.0,0.0,1.0,5.34375,5.625,5.34375,5.625,5700.0
1997-01-22,6.5,7.25,6.0,6.875,25500.0,0.0,1.0,4.875,5.4375,4.5,5.15625,34000.0
1997-01-21,7.25,7.25,7.25,7.25,2550.0,0.0,1.0,5.4375,5.4375,5.4375,5.4375,3400.0
1997-01-20,7.25,7.25,7.25,7.25,3375.0,0.0,1.0,5.4375,5.4375,5.4375,5.4375,4500.0
1997-01-17,7.69,7.69,7.69,7.69,0.0,0.0,1.0,5.7675,5.7675,5.7675,5.7675,0.0
1997-01-16,7.75,7.875,7.5,7.688,6375.0,0.0,1.0,5.8125,5.90625,5.625,5.766,8500.0
1997-01-15,7.25,7.25,7.25,7.25,975.0,0.0,1.0,5.4375,5.4375,5.4375,5.4375,1300.0
1997-01-14,7.25,7.625,7.25,7.5,6450.0,0.0,1.0,5.4375,5.71875,5.4375,5.625,8600.0
1997-01-13,7.875,7.875,7.75,7.75,1275.0,0.0,1.0,5.90625,5.90625,5.8125,5.8125,1700.0
1997-01-10,7.25,7.5,7.25,7.5,150.0,0.0,1.0,5.4375,5.625,5.4375,5.625,200.0
1997-01-09,7.75,7.875,7.563,7.75,21900.0,0.0,1.0,5.8125,5.90625,5.67225,5.8125,29200.0
1997-01-08,7.5,7.5,7.5,7.5,300.0,0.0,1.0,5.625,5.625,5.625,5.625,400.0
1997-01-07,7.625,7.625,7.5,7.5,9975.0,0.0,1.0,5.71875,5.71875,5.625,5.625,13300.0
1997-01-06,7.25,7.625,7.25,7.25,7950.0,0.0,1.0,5.4375,5.71875,5.4375,5.4375,10600.0
1997-01-03,7.5,7.5,7.125,7.125,3000.0,0.0,1.0,5.625,5.625,5.34375,5.34375,4000.0
1997-01-02,7.5,7.5,7.25,7.25,7950.0,0.0,1.0,5.625,5.625,5.4375,5.4375,10600.0
1996-12-31,7.25,7.25,7.25,7.25,0.0,0.0,1.0,5.4375,5.4375,5.4375,5.4375,0.0
1996-12-30,7.0,7.25,7.0,7.25,31800.0,0.0,1.0,5.25,5.4375,5.25,5.4375,42400.0
1996-12-27,6.87,7.12,6.87,7.0,15975.0,0.0,1.0,5.1525,5.34,5.1525,5.25,21300.0
1996-12-26,7.0,7.37,7.0,7.37,1950.0,0.0,1.0,5.25,5.5275,5.25,5.5275,2600.0
1996-12-24,7.0,7.0,7.0,7.0,975.0,0.0,1.0,5.25,5.25,5.25,5.25,1300.0
1996-12-23,7.25,7.25,7.0,7.0,2475.0,0.0,1.0,5.4375,5.4375,5.25,5.25,3300.0
1996-12-20,7.37,7.37,7.25,7.25,9675.0,0.0,1.0,5.5275,5.5275,5.4375,5.4375,12900.0
1996-12-19,7.25,7.5,7.25,7.37,12600.0,0.0,1.0,5.4375,5.625,5.4375,5.5275,16800.0
1996-12-18,7.37,7.37,7.37,7.37,3075.0,0.0,1.0,5.5275,5.5275,5.5275,5.5275,4100.0
1996-12-17,7.37,7.37,7.37,7.37,1950.0,0.0,1.0,5.5275,5.5275,5.5275,5.5275,2600.0
1996-12-16,7.37,7.37,7.37,7.37,75.0,0.0,1.0,5.5275,5.5275,5.5275,5.5275,100.0
1996-12-13,7.5,7.5,7.5,7.5,1575.0,0.0,1.0,5.625,5.625,5.625,5.625,2100.0
1996-12-12,7.37,7.37,7.37,7.37,4050.0,0.0,1.0,5.5275,5.5275,5.5275,5.5275,5400.0
1996-12-11,7.5,7.5,7.5,7.5,450.0,0.0,1.0,5.625,5.625,5.625,5.625,600.0
1996-12-10,7.5,7.62,7.5,7.5,1200.0,0.0,1.0,5.625,5.715,5.625,5.625,1600.0
1996-12-09,7.5,7.5,7.5,7.5,450.0,0.0,1.0,5.625,5.625,5.625,5.625,600.0
1996-12-06,7.37,7.75,7.37,7.5,2175.0,0.0,1.0,5.5275,5.8125,5.5275,5.625,2900.0
1996-12-05,7.62,7.62,7.62,7.62,1500.0,0.0,1.0,5.715,5.715,5.715,5.715,2000.0
1996-12-04,7.62,7.62,7.62,7.62,6075.0,0.0,1.0,5.715,5.715,5.715,5.715,8100.0
1996-12-03,7.69,7.75,7.69,7.75,6000.0,0.0,1.0,5.7675,5.8125,5.7675,5.8125,8000.0
1996-12-02,7.5,7.5,7.5,7.5,7950.0,0.0,1.0,5.625,5.625,5.625,5.625,10600.0
1996-11-29,7.62,7.62,7.62,7.62,0.0,0.0,1.0,5.715,5.715,5.715,5.715,0.0
1996-11-27,7.62,7.62,7.62,7.62,900.0,0.0,1.0,5.715,5.715,5.715,5.715,1200.0
1996-11-26,7.875,7.875,7.5,7.5,0.0,0.0,1.0,5.90625,5.90625,5.625,5.625,0.0
1996-11-25,7.87,7.87,7.5,7.5,18975.0,0.0,1.0,5.9025,5.9025,5.625,5.625,25300.0
1996-11-22,8.0,8.0,7.5,7.75,8400.0,0.0,1.0,6.0,6.0,5.625,5.8125,11200.0
1996-11-21,7.625,8.0,7.625,8.0,4275.0,0.0,1.0,5.71875,6.0,5.71875,6.0,5700.0
1996-11-20,7.5,7.875,7.375,7.75,4950.0,0.0,1.0,5.625,5.90625,5.53125,5.8125,6600.0
1996-11-19,7.625,7.625,7.125,7.375,8550.0,0.0,1.0,5.71875,5.71875,5.34375,5.53125,11400.0
1996-11-18,7.62,7.62,7.12,7.37,1275.0,0.0,1.0,5.715,5.715,5.34,5.5275,1700.0
1996-11-15,6.9375,7.25,6.75,7.25,975.0,0.0,1.0,5.203125,5.4375,5.0625,5.4375,1300.0
1996-11-14,7.125,7.125,6.875,7.0,16950.0,0.0,1.0,5.34375,5.34375,5.15625,5.25,22600.0
1996-11-13,7.0,7.125,6.875,7.125,20100.0,0.0,1.0,5.25,5.34375,5.15625,5.34375,26800.0
1996-11-12,7.625,7.75,7.25,7.25,13575.0,0.0,1.0,5.71875,5.8125,5.4375,5.4375,18100.0
1996-11-11,7.62,7.75,7.25,7.25,13650.0,0.0,1.0,5.715,5.8125,5.4375,5.4375,18200.0
1996-11-08,7.5,7.875,7.375,7.75,7200.0,0.0,1.0,5.625,5.90625,5.53125,5.8125,9600.0
1996-11-07,8.0,8.0,7.625,7.625,10500.0,0.0,1.0,6.0,6.0,5.71875,5.71875,14000.0
1996-11-06,7.75,7.875,7.75,7.75,10875.0,0.0,1.0,5.8125,5.90625,5.8125,5.8125,14500.0
1996-11-05,7.875,7.875,7.625,7.75,2550.0,0.0,1.0,5.90625,5.90625,5.71875,5.8125,3400.0
1996-11-04,7.87,7.87,7.62,7.75,9450.0,0.0,1.0,5.9025,5.9025,5.715,5.8125,12600.0
1996-11-01,7.5,7.875,7.5,7.875,8475.0,0.0,1.0,5.625,5.90625,5.625,5.90625,11300.0
1996-10-31,7.875,8.125,7.625,7.875,1200.0,0.0,1.0,5.90625,6.09375,5.71875,5.90625,1600.0
1996-10-30,7.875,7.875,7.5,7.625,1875.0,0.0,1.0,5.90625,5.90625,5.625,5.71875,2500.0
1996-10-29,7.81,8.12,7.62,7.87,17850.0,0.0,1.0,5.8575,6.09,5.715,5.9025,23800.0
1996-10-28,7.87,7.87,7.5,7.62,7950.0,0.0,1.0,5.9025,5.9025,5.625,5.715,10600.0
1996-10-25,6.5,7.0,6.5,6.875,45975.0,0.0,1.0,4.875,5.25,4.875,5.15625,61300.0
1996-10-24,6.5,6.5,6.5,6.5,84750.0,0.0,1.0,4.875,4.875,4.875,4.875,113000.0
1996-10-23,6.5,6.5,6.0,6.5,46875.0,0.0,1.0,4.875,4.875,4.5,4.875,62500.0
1996-10-22,6.5,6.5,6.5,6.5,8475.0,0.0,1.0,4.875,4.875,4.875,4.875,11300.0
1996-10-21,6.5,6.5,6.0,6.5,11475.0,0.0,1.0,4.875,4.875,4.5,4.875,15300.0
1996-10-18,6.0,6.5,5.87,6.0,14250.0,0.0,1.0,4.5,4.875,4.4025,4.5,19000.0
1996-10-17,6.25,6.375,5.875,6.0,0.0,0.0,1.0,4.6875,4.78125,4.40625,4.5,0.0
1996-10-16,5.0,6.375,5.0,6.125,0.0,0.0,1.0,3.75,4.78125,3.75,4.59375,0.0
1996-10-15,6.25,6.37,5.87,6.0,35775.0,0.0,1.0,4.6875,4.7775,4.4025,4.5,47700.0
1996-10-14,5.0,6.12,5.0,6.12,9075.0,0.0,1.0,3.75,4.59,3.75,4.59,12100.0
1996-10-11,5.0,5.0,4.5,5.0,5100.0,0.0,1.0,3.75,3.75,3.375,3.75,6800.0
1996-10-10,5.125,5.5,4.5,5.125,19950.0,0.0,1.0,3.84375,4.125,3.375,3.84375,26600.0
1996-10-09,5.0,5.0,4.5,5.0,52200.0,0.0,1.0,3.75,3.75,3.375,3.75,69600.0
1996-10-08,5.12,5.5,4.5,5.12,61050.0,0.0,1.0,3.84,4.125,3.375,3.84,81400.0
1996-10-07,5.0,5.0,5.0,5.0,0.0,0.0,1.0,3.75,3.75,3.75,3.75,0.0
1996-10-04,6.25,6.75,5.3125,5.375,16950.0,0.0,1.0,4.6875,5.0625,3.984375,4.03125,22600.0
1996-10-03,6.625,7.0,6.625,6.625,24675.0,0.0,1.0,4.96875,5.25,4.96875,4.96875,32900.0
1996-10-02,6.25,6.75,5.31,5.37,41100.0,0.0,1.0,4.6875,5.0625,3.9825,4.0275,54800.0
1996-10-01,7.0,7.0,6.25,6.75,1875.0,0.0,1.0,5.25,5.25,4.6875,5.0625,2500.0
1996-09-30,6.25,7.0,6.25,6.75,9750.0,0.0,1.0,4.6875,5.25,4.6875,5.0625,13000.0
1996-09-27,6.5,6.875,6.5,6.5,450.0,0.0,1.0,4.875,5.15625,4.875,4.875,600.0
1996-09-26,6.625,6.625,6.625,6.625,11250.0,0.0,1.0,4.96875,4.96875,4.96875,4.96875,15000.0
1996-09-25,6.75,6.75,6.75,6.75,1950.0,0.0,1.0,5.0625,5.0625,5.0625,5.0625,2600.0
1996-09-24,7.0625,7.0625,7.0625,7.0625,150.0,0.0,1.0,5.296875,5.296875,5.296875,5.296875,200.0
1996-09-23,7.06,7.06,7.06,7.06,1950.0,0.0,1.0,5.295,5.295,5.295,5.295,2600.0
1996-09-20,6.875,6.875,6.875,6.875,5100.0,0.0,1.0,5.15625,5.15625,5.15625,5.15625,6800.0
1996-09-19,6.875,6.875,6.875,6.875,0.0,0.0,1.0,5.15625,5.15625,5.15625,5.15625,0.0
1996-09-18,7.125,7.125,6.75,7.125,900.0,0.0,1.0,5.34375,5.34375,5.0625,5.34375,1200.0
1996-09-17,6.75,7.12,6.75,7.12,1950.0,0.0,1.0,5.0625,5.34,5.0625,5.34,2600.0
1996-09-16,6.87,6.87,6.87,6.87,0.0,0.0,1.0,5.1525,5.1525,5.1525,5.1525,0.0
1996-09-13,6.87,6.87,6.87,6.87,0.0,0.0,1.0,5.1525,5.1525,5.1525,5.1525,0.0
1996-09-12,6.875,6.875,6.875,6.875,0.0,0.0,1.0,5.15625,5.15625,5.15625,5.15625,0.0
1996-09-11,6.625,7.125,6.625,7.125,450.0,0.0,1.0,4.96875,5.34375,4.96875,5.34375,600.0
1996-09-10,6.62,7.12,6.62,7.12,2475.0,0.0,1.0,4.965,5.34,4.965,5.34,3300.0
1996-09-09,6.5,7.0,6.5,7.0,0.0,0.0,1.0,4.875,5.25,4.875,5.25,0.0
1996-09-06,6.5,7.0,6.5,7.0,8550.0,0.0,1.0,4.875,5.25,4.875,5.25,11400.0
1996-09-05,6.8125,7.0,6.25,6.5,0.0,0.0,1.0,5.109375,5.25,4.6875,4.875,0.0
1996-09-04,7.0,7.0,7.0,7.0,3600.0,0.0,1.0,5.25,5.25,5.25,5.25,4800.0
1996-09-03,7.0,7.0,7.0,7.0,975.0,0.0,1.0,5.25,5.25,5.25,5.25,1300.0
1996-08-30,6.5,6.5,6.5,6.5,75.0,0.0,1.0,4.875,4.875,4.875,4.875,100.0
1996-08-29,7.0,7.5,6.5,6.5,600.0,0.0,1.0,5.25,5.625,4.875,4.875,800.0
1996-08-28,7.125,7.125,7.0,7.0,450.0,0.0,1.0,5.34375,5.34375,5.25,5.25,600.0
1996-08-27,7.0,7.5,6.5,6.5,3150.0,0.0,1.0,5.25,5.625,4.875,4.875,4200.0
1996-08-26,7.12,7.12,7.0,7.0,2475.0,0.0,1.0,5.34,5.34,5.25,5.25,3300.0
1996-08-23,7.25,7.25,7.25,7.25,450.0,0.0,1.0,5.4375,5.4375,5.4375,5.4375,600.0
1996-08-22,7.875,7.875,7.375,7.75,2250.0,0.0,1.0,5.90625,5.90625,5.53125,5.8125,3000.0
1996-08-21,7.75,7.875,7.25,7.25,1575.0,0.0,1.0,5.8125,5.90625,5.4375,5.4375,2100.0
1996-08-20,7.87,7.87,7.37,7.75,4200.0,0.0,1.0,5.9025,5.9025,5.5275,5.8125,5600.0
1996-08-19,7.75,7.87,7.25,7.25,13200.0,0.0,1.0,5.8125,5.9025,5.4375,5.4375,17600.0
1996-08-16,7.75,7.75,7.375,7.375,15300.0,0.0,1.0,5.8125,5.8125,5.53125,5.53125,20400.0
1996-08-15,7.75,7.75,7.75,7.75,2100.0,0.0,1.0,5.8125,5.8125,5.8125,5.8125,2800.0
1996-08-14,7.75,7.75,7.37,7.37,1575.0,0.0,1.0,5.8125,5.8125,5.5275,5.5275,2100.0
1996-08-13,7.75,7.75,7.75,7.75,975.0,0.0,1.0,5.8125,5.8125,5.8125,5.8125,1300.0
1996-08-12,7.0,7.0,7.0,7.0,0.0,0.0,1.0,5.25,5.25,5.25,5.25,0.0
1996-08-09,6.5,6.875,6.5,6.875,3975.0,0.0,1.0,4.875,5.15625,4.875,5.15625,5300.0
1996-08-08,6.125,6.625,6.125,6.625,50400.0,0.0,1.0,4.59375,4.96875,4.59375,4.96875,67200.0
1996-08-07,6.625,6.625,6.125,6.125,9000.0,0.0,1.0,4.96875,4.96875,4.59375,4.59375,12000.0
1996-08-06,6.12,6.62,6.12,6.62,1575.0,0.0,1.0,4.59,4.965,4.59,4.965,2100.0
1996-08-05,6.62,6.62,6.12,6.12,3675.0,0.0,1.0,4.965,4.965,4.59,4.59,4900.0
1996-08-02,6.5,6.75,6.12,6.25,5550.0,0.0,1.0,4.875,5.0625,4.59,4.6875,7400.0
1996-08-01,6.5,6.5,6.0,6.0,2775.0,0.0,1.0,4.875,4.875,4.5,4.5,3700.0
1996-07-31,6.0,6.875,6.0,6.875,375.0,0.0,1.0,4.5,5.15625,4.5,5.15625,500.0
1996-07-30,6.87,6.87,6.87,6.87,0.0,0.0,1.0,5.1525,5.1525,5.1525,5.1525,0.0
1996-07-29,6.0,6.87,6.0,6.87,300.0,0.0,1.0,4.5,5.1525,4.5,5.1525,400.0
1996-07-26,6.25,6.25,5.75,5.75,2175.0,0.0,1.0,4.6875,4.6875,4.3125,4.3125,2900.0
1996-07-25,6.0,7.25,6.0,6.0,300.0,0.0,1.0,4.5,5.4375,4.5,4.5,400.0
1996-07-24,6.625,6.625,6.5,6.5,1500.0,0.0,1.0,4.96875,4.96875,4.875,4.875,2000.0
1996-07-23,7.25,7.25,6.0,6.0,5100.0,0.0,1.0,5.4375,5.4375,4.5,4.5,6800.0
1996-07-22,6.62,6.62,6.5,6.5,2250.0,0.0,1.0,4.965,4.965,4.875,4.875,3000.0
1996-07-19,7.5,7.5,7.5,7.5,300.0,0.0,1.0,5.625,5.625,5.625,5.625,400.0
1996-07-18,7.0,7.3125,6.625,6.625,4350.0,0.0,1.0,5.25,5.484375,4.96875,4.96875,5800.0
1996-07-17,7.0,7.0,7.0,7.0,0.0,0.0,1.0,5.25,5.25,5.25,5.25,0.0
1996-07-16,7.0,7.31,6.62,6.62,7800.0,0.0,1.0,5.25,5.4825,4.965,4.965,10400.0
1996-07-15,7.0,7.0,7.0,7.0,975.0,0.0,1.0,5.25,5.25,5.25,5.25,1300.0
1996-07-12,7.5,8.0,7.12,7.12,5175.0,0.0,1.0,5.625,6.0,5.34,5.34,6900.0
1996-07-11,7.25,7.6563,7.25,7.6563,2400.0,0.0,1.0,5.4375,5.742225,5.4375,5.742225,3200.0
1996-07-10,7.0,7.375,7.0,7.0,0.0,0.0,1.0,5.25,5.53125,5.25,5.25,0.0
1996-07-09,7.25,7.66,7.25,7.66,1575.0,0.0,1.0,5.4375,5.745,5.4375,5.745,2100.0
1996-07-08,7.37,7.37,7.0,7.0,2850.0,0.0,1.0,5.5275,5.5275,5.25,5.25,3800.0
1996-07-05,8.0,8.0,7.25,8.0,975.0,0.0,1.0,6.0,6.0,5.4375,6.0,1300.0
1996-07-03,8.0,8.0,7.375,7.375,15375.0,0.0,1.0,6.0,6.0,5.53125,5.53125,20500.0
1996-07-02,8.0,8.0,7.37,7.37,1950.0,0.0,1.0,6.0,6.0,5.5275,5.5275,2600.0
1996-07-01,8.0,8.0,7.37,7.37,2475.0,0.0,1.0,6.0,6.0,5.5275,5.5275,3300.0
1996-06-28,7.5,7.5,7.5,7.5,4350.0,0.0,1.0,5.625,5.625,5.625,5.625,5800.0
1996-06-27,7.5,8.0,7.5,7.5,4650.0,0.0,1.0,5.625,6.0,5.625,5.625,6200.0
1996-06-26,7.5,8.25,7.5,7.75,2700.0,0.0,1.0,5.625,6.1875,5.625,5.8125,3600.0
1996-06-25,7.5,8.25,7.5,7.75,0.0,0.0,1.0,5.625,6.1875,5.625,5.8125,0.0
1996-06-24,7.5,8.25,7.5,7.75,3450.0,0.0,1.0,5.625,6.1875,5.625,5.8125,4600.0
1996-06-21,7.5,7.625,7.375,7.625,6075.0,0.0,1.0,5.625,5.71875,5.53125,5.71875,8100.0
1996-06-20,7.625,7.8125,7.625,7.625,6000.0,0.0,1.0,5.71875,5.859375,5.71875,5.71875,8000.0
1996-06-19,8.0,8.0,7.625,7.625,8700.0,0.0,1.0,6.0,6.0,5.71875,5.71875,11600.0
1996-06-18,8.0,8.0,7.62,7.62,975.0,0.0,1.0,6.0,6.0,5.715,5.715,1300.0
1996-06-17,7.75,7.75,7.75,7.75,0.0,0.0,1.0,5.8125,5.8125,5.8125,5.8125,0.0
1996-06-14,7.625,7.625,7.625,7.625,2250.0,0.0,1.0,5.71875,5.71875,5.71875,5.71875,3000.0
1996-06-13,7.625,8.0,7.625,7.625,450.0,0.0,1.0,5.71875,6.0,5.71875,5.71875,600.0
1996-06-12,7.625,7.75,7.625,7.75,18000.0,0.0,1.0,5.71875,5.8125,5.71875,5.8125,24000.0
1996-06-11,7.62,7.75,7.62,7.75,3000.0,0.0,1.0,5.715,5.8125,5.715,5.8125,4000.0
1996-06-10,8.0,8.0,8.0,8.0,300.0,0.0,1.0,6.0,6.0,6.0,6.0,400.0
1996-06-07,8.25,8.25,7.75,8.25,1950.0,0.0,1.0,6.1875,6.1875,5.8125,6.1875,2600.0
1996-06-06,8.25,8.25,8.25,8.25,2475.0,0.0,1.0,6.1875,6.1875,6.1875,6.1875,3300.0
1996-06-05,8.5,8.5,7.75,8.5,300.0,0.0,1.0,6.375,6.375,5.8125,6.375,400.0
1996-06-04,8.0,8.375,7.75,8.375,14550.0,0.0,1.0,6.0,6.28125,5.8125,6.28125,19400.0
1996-06-03,8.0,8.37,7.75,8.37,3975.0,0.0,1.0,6.0,6.2775,5.8125,6.2775,5300.0
1996-05-31,8.125,8.5,7.875,8.5,0.0,0.0,1.0,6.09375,6.375,5.90625,6.375,0.0
1996-05-30,8.5,8.5,8.5,8.5,0.0,0.0,1.0,6.375,6.375,6.375,6.375,0.0
1996-05-29,8.12,8.5,7.87,8.5,16575.0,0.0,1.0,6.09,6.375,5.9025,6.375,22100.0
1996-05-28,8.12,8.12,8.12,8.12,0.0,0.0,1.0,6.09,6.09,6.09,6.09,0.0
1996-05-24,7.5,7.625,7.5,7.5,19575.0,0.0,1.0,5.625,5.71875,5.625,5.625,26100.0
1996-05-23,7.25,7.25,7.25,7.25,2175.0,0.0,1.0,5.4375,5.4375,5.4375,5.4375,2900.0
1996-05-22,6.875,7.125,6.875,7.125,4200.0,0.0,1.0,5.15625,5.34375,5.15625,5.34375,5600.0
1996-05-21,7.25,7.25,7.25,7.25,6450.0,0.0,1.0,5.4375,5.4375,5.4375,5.4375,8600.0
1996-05-20,6.87,7.12,6.87,7.12,2175.0,0.0,1.0,5.1525,5.34,5.1525,5.34,2900.0
1996-05-17,6.75,7.0625,6.75,7.0,0.0,0.0,1.0,5.0625,5.296875,5.0625,5.25,0.0
1996-05-16,7.5,7.5,7.5,7.5,1950.0,0.0,1.0,5.625,5.625,5.625,5.625,2600.0
1996-05-15,6.75,7.06,6.75,7.0,3300.0,0.0,1.0,5.0625,5.295,5.0625,5.25,4400.0
1996-05-14,7.5,7.5,7.5,7.5,75.0,0.0,1.0,5.625,5.625,5.625,5.625,100.0
1996-05-13,7.12,7.12,7.12,7.12,0.0,0.0,1.0,5.34,5.34,5.34,5.34,0.0
1996-05-10,7.5,7.5,6.75,6.75,5250.0,0.0,1.0,5.625,5.625,5.0625,5.0625,7000.0
1996-05-09,6.75,6.8125,6.75,6.8125,750.0,0.0,1.0,5.0625,5.109375,5.0625,5.109375,1000.0
1996-05-08,7.5,7.5,6.75,6.75,5175.0,0.0,1.0,5.625,5.625,5.0625,5.0625,6900.0
1996-05-07,6.81,6.81,6.81,6.81,0.0,0.0,1.0,5.1075,5.1075,5.1075,5.1075,0.0
1996-05-06,6.81,6.81,6.81,6.81,0.0,0.0,1.0,5.1075,5.1075,5.1075,5.1075,0.0
1996-05-03,6.75,6.75,6.75,6.75,11850.0,0.0,1.0,5.0625,5.0625,5.0625,5.0625,15800.0
1996-05-02,7.12,7.12,6.75,6.75,2250.0,0.0,1.0,5.34,5.34,5.0625,5.0625,3000.0
1996-05-01,7.25,7.25,6.75,7.125,6450.0,0.0,1.0,5.4375,5.4375,5.0625,5.34375,8600.0
1996-04-30,7.0,7.0,7.0,7.0,2700.0,0.0,1.0,5.25,5.25,5.25,5.25,3600.0
1996-04-29,7.0,7.0,7.0,7.0,5475.0,0.0,1.0,5.25,5.25,5.25,5.25,7300.0
1996-04-26,8.0,8.0,6.875,7.5,300.0,0.0,1.0,6.0,6.0,5.15625,5.625,400.0
1996-04-25,8.0,8.0,6.87,7.5,15150.0,0.0,1.0,6.0,6.0,5.1525,5.625,20200.0
1996-04-24,8.0,8.5,8.0,8.25,0.0,0.0,1.0,6.0,6.375,6.0,6.1875,0.0
1996-04-23,8.0,8.25,8.0,8.25,10200.0,0.0,1.0,6.0,6.1875,6.0,6.1875,13600.0
1996-04-22,8.0,8.25,8.0,8.25,900.0,0.0,1.0,6.0,6.1875,6.0,6.1875,1200.0
1996-04-19,8.5,8.5,8.0,8.5,1950.0,0.0,1.0,6.375,6.375,6.0,6.375,2600.0
1996-04-18,8.0,8.0,8.0,8.0,5100.0,0.0,1.0,6.0,6.0,6.0,6.0,6800.0
1996-04-17,8.0,8.0,8.0,8.0,450.0,0.0,1.0,6.0,6.0,6.0,6.0,600.0
1996-04-16,8.0,8.25,8.0,8.25,75.0,0.0,1.0,6.0,6.1875,6.0,6.1875,100.0
1996-04-15,8.0,8.25,8.0,8.25,375.0,0.0,1.0,6.0,6.1875,6.0,6.1875,500.0
1996-04-12,8.75,8.75,8.0,8.0,0.0,0.0,1.0,6.5625,6.5625,6.0,6.0,0.0
1996-04-11,8.25,8.25,8.25,8.25,16875.0,0.0,1.0,6.1875,6.1875,6.1875,6.1875,22500.0
1996-04-10,8.25,8.25,8.25,8.25,3000.0,0.0,1.0,6.1875,6.1875,6.1875,6.1875,4000.0
1996-04-09,8.75,8.75,8.375,8.75,0.0,0.0,1.0,6.5625,6.5625,6.28125,6.5625,0.0
1996-04-08,8.75,8.75,8.37,8.75,14100.0,0.0,1.0,6.5625,6.5625,6.2775,6.5625,18800.0
1996-04-04,8.75,8.75,8.75,8.75,75.0,0.0,1.0,6.5625,6.5625,6.5625,6.5625,100.0
1996-04-03,9.25,9.25,9.0,9.0,450.0,0.0,1.0,6.9375,6.9375,6.75,6.75,600.0
1996-04-02,9.25,9.25,9.0,9.0,3375.0,0.0,1.0,6.9375,6.9375,6.75,6.75,4500.0
1996-04-01,8.75,8.75,8.75,8.75,0.0,0.0,1.0,6.5625,6.5625,6.5625,6.5625,0.0
1996-03-29,9.25,9.25,8.875,8.875,600.0,0.0,1.0,6.9375,6.9375,6.65625,6.65625,800.0
1996-03-28,9.25,9.25,8.875,8.875,8175.0,0.0,1.0,6.9375,6.9375,6.65625,6.65625,10900.0
1996-03-27,8.75,8.75,8.75,8.75,0.0,0.0,1.0,6.5625,6.5625,6.5625,6.5625,0.0
1996-03-26,9.25,9.25,8.87,8.87,6000.0,0.0,1.0,6.9375,6.9375,6.6525,6.6525,8000.0
1996-03-25,8.75,8.75,8.75,8.75,1275.0,0.0,1.0,6.5625,6.5625,6.5625,6.5625,1700.0
1996-03-22,9.375,9.5,8.75,8.75,1950.0,0.0,1.0,7.03125,7.125,6.5625,6.5625,2600.0
1996-03-21,9.0,9.625,8.875,9.125,975.0,0.0,1.0,6.75,7.21875,6.65625,6.84375,1300.0
1996-03-20,9.0,9.125,8.25,9.125,6300.0,0.0,1.0,6.75,6.84375,6.1875,6.84375,8400.0
1996-03-19,8.94,9.62,8.87,9.12,34875.0,0.0,1.0,6.705,7.215,6.6525,6.84,46500.0
1996-03-18,9.0,9.12,8.25,9.12,18075.0,0.0,1.0,6.75,6.84,6.1875,6.84,24100.0
1996-03-15,8.25,8.625,8.0,8.1875,9300.0,0.0,1.0,6.1875,6.46875,6.0,6.140625,12400.0
1996-03-14,8.0,8.0,8.0,8.0,450.0,0.0,1.0,6.0,6.0,6.0,6.0,600.0
1996-03-13,8.25,8.25,8.25,8.25,48150.0,0.0,1.0,6.1875,6.1875,6.1875,6.1875,64200.0
1996-03-12,8.0,8.0,8.0,8.0,75.0,0.0,1.0,6.0,6.0,6.0,6.0,100.0
1996-03-11,8.25,8.25,8.25,8.25,750.0,0.0,1.0,6.1875,6.1875,6.1875,6.1875,1000.0
1996-03-08,8.0,8.0,8.0,8.0,11175.0,0.0,1.0,6.0,6.0,6.0,6.0,14900.0
1996-03-07,8.25,8.25,8.0,8.0,1050.0,0.0,1.0,6.1875,6.1875,6.0,6.0,1400.0
1996-03-06,8.0,8.0,8.0,8.0,450.0,0.0,1.0,6.0,6.0,6.0,6.0,600.0
1996-03-05,8.25,8.25,8.0,8.0,8175.0,0.0,1.0,6.1875,6.1875,6.0,6.0,10900.0
1996-03-04,8.0,8.0,8.0,8.0,600.0,0.0,1.0,6.0,6.0,6.0,6.0,800.0
1996-03-01,8.25,8.25,8.25,8.25,0.0,0.0,1.0,6.1875,6.1875,6.1875,6.1875,0.0
1996-02-29,8.25,8.25,8.25,8.25,4500.0,0.0,1.0,6.1875,6.1875,6.1875,6.1875,6000.0
1996-02-28,8.0,8.5,8.0,8.0,7200.0,0.0,1.0,6.0,6.375,6.0,6.0,9600.0
1996-02-27,8.0,8.0,8.0,8.0,1575.0,0.0,1.0,6.0,6.0,6.0,6.0,2100.0
1996-02-26,8.0,8.0,8.0,8.0,1875.0,0.0,1.0,6.0,6.0,6.0,6.0,2500.0
1996-02-23,8.75,8.75,8.75,8.75,300.0,0.0,1.0,6.5625,6.5625,6.5625,6.5625,400.0
1996-02-22,8.0,8.0,8.0,8.0,1575.0,0.0,1.0,6.0,6.0,6.0,6.0,2100.0
1996-02-21,8.06,8.06,8.06,8.06,0.0,0.0,1.0,6.045,6.045,6.045,6.045,0.0
1996-02-20,8.06,8.06,8.06,8.06,0.0,0.0,1.0,6.045,6.045,6.045,6.045,0.0
1996-02-16,8.06,8.06,8.06,8.06,0.0,0.0,1.0,6.045,6.045,6.045,6.045,0.0
1996-02-15,8.375,8.375,8.0625,8.0625,6150.0,0.0,1.0,6.28125,6.28125,6.046875,6.046875,8200.0
1996-02-14,7.875,8.875,7.875,8.0,45375.0,0.0,1.0,5.90625,6.65625,5.90625,6.0,60500.0
1996-02-13,7.875,8.625,7.875,7.875,16575.0,0.0,1.0,5.90625,6.46875,5.90625,5.90625,22100.0
1996-02-12,8.625,8.875,7.875,8.125,46500.0,0.0,1.0,6.46875,6.65625,5.90625,6.09375,62000.0
1996-02-09,8.625,8.625,7.875,7.875,4800.0,0.0,1.0,6.46875,6.46875,5.90625,5.90625,6400.0
1996-02-08,7.75,8.625,7.75,8.625,2100.0,0.0,1.0,5.8125,6.46875,5.8125,6.46875,2800.0
1996-02-07,7.75,7.75,7.75,7.75,150.0,0.0,1.0,5.8125,5.8125,5.8125,5.8125,200.0
1996-02-06,7.62,7.62,7.62,7.62,0.0,0.0,1.0,5.715,5.715,5.715,5.715,0.0
1996-02-05,7.625,7.625,7.625,7.625,450.0,0.0,1.0,5.71875,5.71875,5.71875,5.71875,600.0
1996-02-02,7.75,7.75,7.75,7.75,3975.0,0.0,1.0,5.8125,5.8125,5.8125,5.8125,5300.0
1996-02-01,8.625,8.625,8.625,8.625,5700.0,0.0,1.0,6.46875,6.46875,6.46875,6.46875,7600.0
1996-01-31,7.75,7.75,7.75,7.75,1050.0,0.0,1.0,5.8125,5.8125,5.8125,5.8125,1400.0
1996-01-30,8.62,8.62,8.62,8.62,300.0,0.0,1.0,6.465,6.465,6.465,6.465,400.0
1996-01-29,7.75,7.75,7.75,7.75,1950.0,0.0,1.0,5.8125,5.8125,5.8125,5.8125,2600.0
1996-01-26,7.5,7.5,7.5,7.5,90900.0,0.0,1.0,5.625,5.625,5.625,5.625,121200.0
1996-01-25,8.5,8.5,7.5,7.62,15750.0,0.0,1.0,6.375,6.375,5.625,5.715,21000.0
1996-01-24,7.5,7.5,7.5,7.5,2250.0,0.0,1.0,5.625,5.625,5.625,5.625,3000.0
1996-01-23,7.5,7.5,7.5,7.5,0.0,0.0,1.0,5.625,5.625,5.625,5.625,0.0
1996-01-22,7.5,7.5,7.5,7.5,600.0,0.0,1.0,5.625,5.625,5.625,5.625,800.0
1996-01-19,7.5,7.5,7.5,7.5,0.0,0.0,1.0,5.625,5.625,5.625,5.625,0.0
1996-01-18,7.75,7.75,7.5,7.5,0.0,0.0,1.0,5.8125,5.8125,5.625,5.625,0.0
1996-01-17,8.0,8.0,8.0,8.0,0.0,0.0,1.0,6.0,6.0,6.0,6.0,0.0
1996-01-16,7.75,7.75,7.5,7.5,4950.0,0.0,1.0,5.8125,5.8125,5.625,5.625,6600.0
1996-01-15,8.0,8.0,8.0,8.0,975.0,0.0,1.0,6.0,6.0,6.0,6.0,1300.0
1996-01-12,7.5,7.5313,7.5,7.5313,24150.0,0.0,1.0,5.625,5.648475,5.625,5.648475,32200.0
1996-01-11,7.5,7.5,7.5,7.5,20400.0,0.0,1.0,5.625,5.625,5.625,5.625,27200.0
1996-01-10,7.5,7.53,7.5,7.53,9975.0,0.0,1.0,5.625,5.6475,5.625,5.6475,13300.0
1996-01-09,7.5,7.5,7.5,7.5,300.0,0.0,1.0,5.625,5.625,5.625,5.625,400.0
1996-01-08,7.5,7.5,7.5,7.5,0.0,0.0,1.0,5.625,5.625,5.625,5.625,0.0
1996-01-05,7.5,7.5,7.5,7.5,75.0,0.0,1.0,5.625,5.625,5.625,5.625,100.0
1996-01-04,7.5,7.5,7.5,7.5,0.0,0.0,1.0,5.625,5.625,5.625,5.625,0.0
1996-01-03,7.5,7.5,7.5,7.5,900.0,0.0,1.0,5.625,5.625,5.625,5.625,1200.0
1996-01-02,8.12,8.12,8.12,8.12,0.0,0.0,1.0,6.09,6.09,6.09,6.09,0.0
1995-12-29,8.12,8.12,8.12,8.12,0.0,0.0,1.0,6.09,6.09,6.09,6.09,0.0
1995-12-28,8.125,8.125,8.125,8.125,675.0,0.0,1.0,6.09375,6.09375,6.09375,6.09375,900.0
1995-12-27,7.5,7.5,7.5,7.5,0.0,0.0,1.0,5.625,5.625,5.625,5.625,0.0
1995-12-26,8.125,8.375,7.5,7.5,42000.0,0.0,1.0,6.09375,6.28125,5.625,5.625,56000.0
1995-12-22,7.5,8.375,7.5,8.375,60975.0,0.0,1.0,5.625,6.28125,5.625,6.28125,81300.0
1995-12-21,7.5,7.5,7.5,7.5,3450.0,0.0,1.0,5.625,5.625,5.625,5.625,4600.0
1995-12-20,8.0,8.0,8.0,8.0,0.0,0.0,1.0,6.0,6.0,6.0,6.0,0.0
1995-12-19,7.5,8.0,7.5,8.0,2175.0,0.0,1.0,5.625,6.0,5.625,6.0,2900.0
1995-12-18,7.75,7.75,7.75,7.75,5775.0,0.0,1.0,5.8125,5.8125,5.8125,5.8125,7700.0
1995-12-15,8.5,8.5,7.75,7.75,150.0,0.0,1.0,6.375,6.375,5.8125,5.8125,200.0
1995-12-14,8.0,8.0,8.0,8.0,0.0,0.0,1.0,6.0,6.0,6.0,6.0,0.0
1995-12-13,8.0,8.0,8.0,8.0,0.0,0.0,1.0,6.0,6.0,6.0,6.0,0.0
1995-12-12,8.0,8.0,7.5,8.0,2250.0,0.0,1.0,6.0,6.0,5.625,6.0,3000.0
1995-12-11,8.0,8.0,8.0,8.0,3000.0,0.0,1.0,6.0,6.0,6.0,6.0,4000.0
1995-12-08,9.5,9.5,8.0,8.0,9075.0,0.0,1.0,7.125,7.125,6.0,6.0,12100.0
1995-12-07,8.75,8.75,8.75,8.75,0.0,0.0,1.0,6.5625,6.5625,6.5625,6.5625,0.0
1995-12-06,8.75,8.75,8.75,8.75,0.0,0.0,1.0,6.5625,6.5625,6.5625,6.5625,0.0
1995-12-05,8.75,8.75,8.75,8.75,75.0,0.0,1.0,6.5625,6.5625,6.5625,6.5625,100.0
1995-12-04,8.75,8.75,8.75,8.75,975.0,0.0,1.0,6.5625,6.5625,6.5625,6.5625,1300.0
1995-12-01,9.0,9.0,9.0,9.0,0.0,0.0,1.0,6.75,6.75,6.75,6.75,0.0
1995-11-30,9.0,9.0,9.0,9.0,1950.0,0.0,1.0,6.75,6.75,6.75,6.75,2600.0
1995-11-29,9.0,9.0,9.0,9.0,75.0,0.0,1.0,6.75,6.75,6.75,6.75,100.0
1995-11-28,9.0,9.0,9.0,9.0,1650.0,0.0,1.0,6.75,6.75,6.75,6.75,2200.0
1995-11-27,9.75,9.75,9.75,9.75,0.0,0.0,1.0,7.3125,7.3125,7.3125,7.3125,0.0
1995-11-24,9.75,9.75,9.75,9.75,0.0,0.0,1.0,7.3125,7.3125,7.3125,7.3125,0.0
1995-11-22,9.75,9.75,9.75,9.75,150.0,0.0,1.0,7.3125,7.3125,7.3125,7.3125,200.0
1995-11-21,9.25,9.25,9.25,9.25,450.0,0.0,1.0,6.9375,6.9375,6.9375,6.9375,600.0
1995-11-20,9.75,9.75,9.75,9.75,0.0,0.0,1.0,7.3125,7.3125,7.3125,7.3125,0.0
1995-11-17,9.75,9.75,9.75,9.75,75.0,0.0,1.0,7.3125,7.3125,7.3125,7.3125,100.0
1995-11-16,9.75,9.75,9.625,9.625,4500.0,0.0,1.0,7.3125,7.3125,7.21875,7.21875,6000.0
1995-11-15,9.75,9.75,9.75,9.75,900.0,0.0,1.0,7.3125,7.3125,7.3125,7.3125,1200.0
1995-11-14,9.75,9.75,9.0,9.75,900.0,0.0,1.0,7.3125,7.3125,6.75,7.3125,1200.0
1995-11-13,9.25,9.25,9.25,9.25,1200.0,0.0,1.0,6.9375,6.9375,6.9375,6.9375,1600.0
1995-11-10,9.75,9.75,9.75,9.75,1875.0,0.0,1.0,7.3125,7.3125,7.3125,7.3125,2500.0
1995-11-09,9.0,9.516,9.0,9.0,7575.0,0.0,1.0,6.75,7.1370000000000005,6.75,6.75,10100.0
1995-11-08,9.0,9.0,9.0,9.0,750.0,0.0,1.0,6.75,6.75,6.75,6.75,1000.0
1995-11-07,9.0,9.25,9.0,9.25,3975.0,0.0,1.0,6.75,6.9375,6.75,6.9375,5300.0
1995-11-06,9.0,9.0,9.0,9.0,1200.0,0.0,1.0,6.75,6.75,6.75,6.75,1600.0
1995-11-03,9.0,9.062999999999999,9.0,9.062999999999999,2250.0,0.0,1.0,6.75,6.79725,6.75,6.79725,3000.0
1995-11-02,9.0,9.0,9.0,9.0,0.0,0.0,1.0,6.75,6.75,6.75,6.75,0.0
1995-11-01,9.0,9.0,9.0,9.0,75.0,0.0,1.0,6.75,6.75,6.75,6.75,100.0
1995-10-31,9.125,9.125,9.125,9.125,450.0,0.0,1.0,6.84375,6.84375,6.84375,6.84375,600.0
1995-10-30,9.125,9.125,9.125,9.125,0.0,0.0,1.0,6.84375,6.84375,6.84375,6.84375,0.0
1995-10-27,9.125,9.125,9.125,9.125,3075.0,0.0,1.0,6.84375,6.84375,6.84375,6.84375,4100.0
1995-10-26,9.125,9.125,9.125,9.125,6450.0,0.0,1.0,6.84375,6.84375,6.84375,6.84375,8600.0
1995-10-25,9.5,9.5,9.5,9.5,75.0,0.0,1.0,7.125,7.125,7.125,7.125,100.0
1995-10-24,9.75,9.75,9.75,9.75,75.0,0.0,1.0,7.3125,7.3125,7.3125,7.3125,100.0
1995-10-23,9.0,9.0,9.0,9.0,975.0,0.0,1.0,6.75,6.75,6.75,6.75,1300.0
1995-10-20,10.0,10.0,9.25,10.0,1875.0,0.0,1.0,7.5,7.5,6.9375,7.5,2500.0
1995-10-19,9.5,9.5,9.5,9.5,975.0,0.0,1.0,7.125,7.125,7.125,7.125,1300.0
1995-10-18,9.25,9.25,9.25,9.25,300.0,0.0,1.0,6.9375,6.9375,6.9375,6.9375,400.0
1995-10-17,9.25,9.25,9.25,9.25,0.0,0.0,1.0,6.9375,6.9375,6.9375,6.9375,0.0
1995-10-16,9.25,9.25,9.25,9.25,1350.0,0.0,1.0,6.9375,6.9375,6.9375,6.9375,1800.0
1995-10-13,9.25,9.75,9.25,9.375,4800.0,0.0,1.0,6.9375,7.3125,6.9375,7.03125,6400.0
1995-10-12,10.0,10.0,10.0,10.0,0.0,0.0,1.0,7.5,7.5,7.5,7.5,0.0
1995-10-11,10.0,10.0,10.0,10.0,75.0,0.0,1.0,7.5,7.5,7.5,7.5,100.0
1995-10-10,9.25,9.25,9.25,9.25,300.0,0.0,1.0,6.9375,6.9375,6.9375,6.9375,400.0
1995-10-09,9.25,9.25,9.25,9.25,1200.0,0.0,1.0,6.9375,6.9375,6.9375,6.9375,1600.0
1995-10-06,9.25,9.25,9.25,9.25,1350.0,0.0,1.0,6.9375,6.9375,6.9375,6.9375,1800.0
1995-10-05,9.75,9.75,9.25,9.75,900.0,0.0,1.0,7.3125,7.3125,6.9375,7.3125,1200.0
1995-10-04,9.5,9.5,9.5,9.5,0.0,0.0,1.0,7.125,7.125,7.125,7.125,0.0
1995-10-03,9.5,9.5,9.5,9.5,600.0,0.0,1.0,7.125,7.125,7.125,7.125,800.0
1995-10-02,9.5,9.5,9.5,9.5,0.0,0.0,1.0,7.125,7.125,7.125,7.125,0.0
1995-09-29,9.5,9.5,9.5,9.5,0.0,0.0,1.0,7.125,7.125,7.125,7.125,0.0
1995-09-28,9.5,9.5,9.5,9.5,75.0,0.0,1.0,7.125,7.125,7.125,7.125,100.0
1995-09-27,9.5,9.5,9.5,9.5,75.0,0.0,1.0,7.125,7.125,7.125,7.125,100.0
1995-09-26,10.25,10.25,10.25,10.25,0.0,0.0,1.0,7.6875,7.6875,7.6875,7.6875,0.0
1995-09-25,9.5,10.25,9.5,10.25,900.0,0.0,1.0,7.125,7.6875,7.125,7.6875,1200.0
1995-09-22,9.5,9.5,9.5,9.5,0.0,0.0,1.0,7.125,7.125,7.125,7.125,0.0
1995-09-21,9.5,9.5,9.5,9.5,0.0,0.0,1.0,7.125,7.125,7.125,7.125,0.0
1995-09-20,9.5,9.5,9.5,9.5,0.0,0.0,1.0,7.125,7.125,7.125,7.125,0.0
1995-09-19,9.5,9.5,9.5,9.5,75.0,0.0,1.0,7.125,7.125,7.125,7.125,100.0
1995-09-18,9.87,9.87,9.87,9.87,0.0,0.0,1.0,7.4025,7.4025,7.4025,7.4025,0.0
1995-09-15,10.25,10.25,9.875,9.875,1950.0,0.0,1.0,7.6875,7.6875,7.40625,7.40625,2600.0
1995-09-14,9.75,9.75,9.75,9.75,0.0,0.0,1.0,7.3125,7.3125,7.3125,7.3125,0.0
1995-09-13,9.75,9.75,9.75,9.75,4275.0,0.0,1.0,7.3125,7.3125,7.3125,7.3125,5700.0
1995-09-12,9.75,9.75,9.75,9.75,0.0,0.0,1.0,7.3125,7.3125,7.3125,7.3125,0.0
1995-09-11,9.75,9.75,9.75,9.75,75.0,0.0,1.0,7.3125,7.3125,7.3125,7.3125,100.0
1995-09-08,9.75,9.75,9.75,9.75,0.0,0.0,1.0,7.3125,7.3125,7.3125,7.3125,0.0
1995-09-07,9.75,9.75,9.75,9.75,0.0,0.0,1.0,7.3125,7.3125,7.3125,7.3125,0.0
1995-09-06,9.75,9.75,9.75,9.75,0.0,0.0,1.0,7.3125,7.3125,7.3125,7.3125,0.0
1995-09-05,9.75,9.75,9.75,9.75,150.0,0.0,1.0,7.3125,7.3125,7.3125,7.3125,200.0
1995-09-01,10.5,10.5,10.25,10.5,4875.0,0.0,1.0,7.875,7.875,7.6875,7.875,6500.0
1995-08-31,11.0,11.0,11.0,11.0,150.0,0.0,1.0,8.25,8.25,8.25,8.25,200.0
1995-08-30,10.5,10.63,10.5,10.5,4875.0,0.0,1.0,7.875,7.9725,7.875,7.875,6500.0
1995-08-29,10.5,10.63,10.5,10.63,3600.0,0.0,1.0,7.875,7.9725,7.875,7.9725,4800.0
1995-08-28,10.75,11.25,10.75,11.25,300.0,0.0,1.0,8.0625,8.4375,8.0625,8.4375,400.0
1995-08-25,10.75,10.75,10.75,10.75,975.0,0.0,1.0,8.0625,8.0625,8.0625,8.0625,1300.0
1995-08-24,11.25,11.25,11.25,11.25,300.0,0.0,1.0,8.4375,8.4375,8.4375,8.4375,400.0
1995-08-23,11.5,11.5,10.75,10.75,5175.0,0.0,1.0,8.625,8.625,8.0625,8.0625,6900.0
1995-08-22,11.0,11.75,11.0,11.5,4275.0,0.0,1.0,8.25,8.8125,8.25,8.625,5700.0
1995-08-21,11.25,11.75,11.0,11.0,7800.0,0.0,1.0,8.4375,8.8125,8.25,8.25,10400.0
1995-08-18,10.25,11.5,10.0,11.0,48300.0,0.0,1.0,7.6875,8.625,7.5,8.25,64400.0
1995-08-17,10.25,10.25,9.625,10.25,10950.0,0.0,1.0,7.6875,7.6875,7.21875,7.6875,14600.0
1995-08-16,9.5,10.25,9.5,10.0,2100.0,0.0,1.0,7.125,7.6875,7.125,7.5,2800.0
1995-08-15,10.25,10.25,10.0,10.0,975.0,0.0,1.0,7.6875,7.6875,7.5,7.5,1300.0
1995-08-14,9.5,10.25,9.5,10.25,1275.0,0.0,1.0,7.125,7.6875,7.125,7.6875,1700.0
1995-08-11,9.5,9.5,9.5,9.5,0.0,0.0,1.0,7.125,7.125,7.125,7.125,0.0
1995-08-10,9.5,9.5,9.5,9.5,450.0,0.0,1.0,7.125,7.125,7.125,7.125,600.0
1995-08-09,10.25,10.25,9.5,9.75,2100.0,0.0,1.0,7.6875,7.6875,7.125,7.3125,2800.0
1995-08-08,10.25,10.25,9.5,10.12,2250.0,0.0,1.0,7.6875,7.6875,7.125,7.59,3000.0
1995-08-07,10.0,10.0,10.0,10.0,0.0,0.0,1.0,7.5,7.5,7.5,7.5,0.0
1995-08-04,9.5,10.0,9.5,10.0,1800.0,0.0,1.0,7.125,7.5,7.125,7.5,2400.0
1995-08-03,10.0,10.0,10.0,10.0,0.0,0.0,1.0,7.5,7.5,7.5,7.5,0.0
1995-08-02,10.25,10.25,9.5,10.0,3600.0,0.0,1.0,7.6875,7.6875,7.125,7.5,4800.0
1995-08-01,10.25,10.25,10.25,10.25,75.0,0.0,1.0,7.6875,7.6875,7.6875,7.6875,100.0
1995-07-31,10.25,10.25,10.25,10.25,975.0,0.0,1.0,7.6875,7.6875,7.6875,7.6875,1300.0
1995-07-28,10.25,10.25,10.25,10.25,75.0,0.0,1.0,7.6875,7.6875,7.6875,7.6875,100.0
1995-07-27,10.0,10.0,10.0,10.0,150.0,0.0,1.0,7.5,7.5,7.5,7.5,200.0
1995-07-26,10.25,10.25,10.25,10.25,150.0,0.0,1.0,7.6875,7.6875,7.6875,7.6875,200.0
1995-07-25,10.12,10.12,10.12,10.12,0.0,0.0,1.0,7.59,7.59,7.59,7.59,0.0
1995-07-24,10.25,10.25,10.12,10.12,1500.0,0.0,1.0,7.6875,7.6875,7.59,7.59,2000.0
1995-07-21,9.5,9.5,9.5,9.5,0.0,0.0,1.0,7.125,7.125,7.125,7.125,0.0
1995-07-20,9.5,9.5,9.5,9.5,975.0,0.0,1.0,7.125,7.125,7.125,7.125,1300.0
1995-07-19,9.75,10.25,9.75,10.25,3150.0,0.0,1.0,7.3125,7.6875,7.3125,7.6875,4200.0
1995-07-18,9.75,9.75,9.75,9.75,3600.0,0.0,1.0,7.3125,7.3125,7.3125,7.3125,4800.0
1995-07-17,9.75,9.75,9.75,9.75,3000.0,0.0,1.0,7.3125,7.3125,7.3125,7.3125,4000.0
1995-07-14,10.0,10.0,10.0,10.0,900.0,0.0,1.0,7.5,7.5,7.5,7.5,1200.0
1995-07-13,10.0,10.0,10.0,10.0,450.0,0.0,1.0,7.5,7.5,7.5,7.5,600.0
1995-07-12,10.25,10.25,9.75,10.0,6675.0,0.0,1.0,7.6875,7.6875,7.3125,7.5,8900.0
1995-07-11,10.0,10.25,9.5,10.25,7050.0,0.0,1.0,7.5,7.6875,7.125,7.6875,9400.0
1995-07-10,9.25,10.0,9.25,9.75,4575.0,0.0,1.0,6.9375,7.5,6.9375,7.3125,6100.0
1995-07-07,10.5,10.5,9.0,9.75,10800.0,0.0,1.0,7.875,7.875,6.75,7.3125,14400.0
1995-07-06,11.19,11.41,10.5,11.0,31350.0,0.0,1.0,8.3925,8.557500000000001,7.875,8.25,41800.0
1995-07-05,12.0,12.0,11.0,11.25,50100.0,0.0,1.0,9.0,9.0,8.25,8.4375,66800.0
1995-07-03,11.25,11.75,10.25,11.75,49575.0,0.0,1.0,8.4375,8.8125,7.6875,8.8125,66100.0
1995-06-30,10.25,11.25,9.5,10.25,67500.0,0.0,1.0,7.6875,8.4375,7.125,7.6875,90000.0
1995-06-29,10.0,10.0,9.25,9.25,15600.0,0.0,1.0,7.5,7.5,6.9375,6.9375,20800.0
1995-06-28,9.75,10.0,9.25,10.0,12075.0,0.0,1.0,7.3125,7.5,6.9375,7.5,16100.0
1995-06-27,9.75,9.75,9.75,9.75,975.0,0.0,1.0,7.3125,7.3125,7.3125,7.3125,1300.0
1995-06-26,9.12,9.75,9.12,9.75,15900.0,0.0,1.0,6.84,7.3125,6.84,7.3125,21200.0
1995-06-23,9.62,9.62,9.12,9.12,1200.0,0.0,1.0,7.215,7.215,6.84,6.84,1600.0
1995-06-22,9.62,9.62,9.37,9.62,4650.0,0.0,1.0,7.215,7.215,7.0275,7.215,6200.0
1995-06-21,9.62,9.62,9.62,9.62,1350.0,0.0,1.0,7.215,7.215,7.215,7.215,1800.0
1995-06-20,9.62,9.62,9.62,9.62,300.0,0.0,1.0,7.215,7.215,7.215,7.215,400.0
1995-06-19,9.0,9.62,9.0,9.62,1500.0,0.0,1.0,6.75,7.215,6.75,7.215,2000.0
1995-06-16,9.62,9.62,9.5,9.62,5400.0,0.0,1.0,7.215,7.215,7.125,7.215,7200.0
1995-06-15,9.62,9.62,9.62,9.62,450.0,0.0,1.0,7.215,7.215,7.215,7.215,600.0
1995-06-14,9.62,9.62,9.0,9.03,2550.0,0.0,1.0,7.215,7.215,6.75,6.772499999999999,3400.0
1995-06-13,9.0,9.0,9.0,9.0,0.0,0.0,1.0,6.75,6.75,6.75,6.75,0.0
1995-06-12,9.0,9.62,9.0,9.0,2475.0,0.0,1.0,6.75,7.215,6.75,6.75,3300.0
1995-06-09,9.0,9.0,9.0,9.0,375.0,0.0,1.0,6.75,6.75,6.75,6.75,500.0
1995-06-08,9.62,9.62,9.0,9.0,6300.0,0.0,1.0,7.215,7.215,6.75,6.75,8400.0
1995-06-07,9.62,9.62,9.03,9.03,6075.0,0.0,1.0,7.215,7.215,6.772499999999999,6.772499999999999,8100.0
1995-06-06,9.62,9.62,9.62,9.62,0.0,0.0,1.0,7.215,7.215,7.215,7.215,0.0
1995-06-05,9.62,9.62,9.62,9.62,0.0,0.0,1.0,7.215,7.215,7.215,7.215,0.0
1995-06-02,9.62,9.62,9.62,9.62,0.0,0.0,1.0,7.215,7.215,7.215,7.215,0.0
1995-06-01,9.62,9.62,9.62,9.62,150.0,0.0,1.0,7.215,7.215,7.215,7.215,200.0
1995-05-31,9.0,9.0,9.0,9.0,375.0,0.0,1.0,6.75,6.75,6.75,6.75,500.0
1995-05-30,9.0,9.0,9.0,9.0,0.0,0.0,1.0,6.75,6.75,6.75,6.75,0.0
1995-05-26,9.41,9.62,9.0,9.0,1575.0,0.0,1.0,7.0575,7.215,6.75,6.75,2100.0
1995-05-25,9.0,9.0,9.0,9.0,1950.0,0.0,1.0,6.75,6.75,6.75,6.75,2600.0
1995-05-24,9.62,9.62,9.5,9.62,2100.0,0.0,1.0,7.215,7.215,7.125,7.215,2800.0
1995-05-23,9.5,9.5,9.0,9.02,12000.0,0.0,1.0,7.125,7.125,6.75,6.765,16000.0
1995-05-22,9.62,9.62,9.12,9.5,3750.0,0.0,1.0,7.215,7.215,6.84,7.125,5000.0
1995-05-19,9.12,9.12,9.12,9.12,0.0,0.0,1.0,6.84,6.84,6.84,6.84,0.0
1995-05-18,9.62,9.62,9.12,9.12,3375.0,0.0,1.0,7.215,7.215,6.84,6.84,4500.0
1995-05-17,9.5,9.56,9.02,9.02,6300.0,0.0,1.0,7.125,7.17,6.765,6.765,8400.0
1995-05-16,9.62,9.62,9.62,9.62,900.0,0.0,1.0,7.215,7.215,7.215,7.215,1200.0
1995-05-15,9.0,9.0,9.0,9.0,1875.0,0.0,1.0,6.75,6.75,6.75,6.75,2500.0
1995-05-12,9.0,9.0,9.0,9.0,600.0,0.0,1.0,6.75,6.75,6.75,6.75,800.0
1995-05-11,9.62,9.62,9.62,9.62,2100.0,0.0,1.0,7.215,7.215,7.215,7.215,2800.0
1995-05-10,9.0,9.5,9.0,9.5,1500.0,0.0,1.0,6.75,7.125,6.75,7.125,2000.0
1995-05-09,9.62,9.62,9.0,9.62,14175.0,0.0,1.0,7.215,7.215,6.75,7.215,18900.0
1995-05-08,9.62,9.62,9.0,9.0,7350.0,0.0,1.0,7.215,7.215,6.75,6.75,9800.0
1995-05-05,9.62,9.62,9.0,9.03,19575.0,0.0,1.0,7.215,7.215,6.75,6.772499999999999,26100.0
1995-05-04,9.62,9.62,9.0,9.0,3975.0,0.0,1.0,7.215,7.215,6.75,6.75,5300.0
1995-05-03,9.62,9.62,9.0,9.0,3600.0,0.0,1.0,7.215,7.215,6.75,6.75,4800.0
1995-05-02,9.62,9.62,9.0,9.62,13875.0,0.0,1.0,7.215,7.215,6.75,7.215,18500.0
1995-05-01,9.37,9.62,9.0,9.62,28800.0,0.0,1.0,7.0275,7.215,6.75,7.215,38400.0
1995-04-28,9.0,9.37,8.62,8.87,18900.0,0.0,1.0,6.75,7.0275,6.465,6.6525,25200.0
1995-04-27,8.0,9.0,8.0,8.62,43950.0,0.0,1.0,6.0,6.75,6.0,6.465,58600.0
1995-04-26,7.87,8.75,7.5,8.0,47475.0,0.0,1.0,5.9025,6.5625,5.625,6.0,63300.0
1995-04-25,7.62,7.62,7.12,7.5,3675.0,0.0,1.0,5.715,5.715,5.34,5.625,4900.0
1995-04-24,7.62,7.62,7.62,7.62,0.0,0.0,1.0,5.715,5.715,5.715,5.715,0.0
1995-04-21,7.62,7.62,7.62,7.62,0.0,0.0,1.0,5.715,5.715,5.715,5.715,0.0
1995-04-20,7.62,7.62,7.62,7.62,0.0,0.0,1.0,5.715,5.715,5.715,5.715,0.0
1995-04-19,7.62,7.62,7.62,7.62,3000.0,0.0,1.0,5.715,5.715,5.715,5.715,4000.0
1995-04-18,7.12,7.12,7.12,7.12,4050.0,0.0,1.0,5.34,5.34,5.34,5.34,5400.0
1995-04-17,7.5,7.5,7.5,7.5,1950.0,0.0,1.0,5.625,5.625,5.625,5.625,2600.0
1995-04-13,7.5,7.5,7.25,7.25,4200.0,0.0,1.0,5.625,5.625,5.4375,5.4375,5600.0
1995-04-12,7.25,7.37,7.25,7.37,450.0,0.0,1.0,5.4375,5.5275,5.4375,5.5275,600.0
1995-04-11,7.5,7.5,7.5,7.5,0.0,0.0,1.0,5.625,5.625,5.625,5.625,0.0
1995-04-10,7.5,7.5,7.5,7.5,150.0,0.0,1.0,5.625,5.625,5.625,5.625,200.0
1995-04-07,7.25,7.25,7.12,7.12,1950.0,0.0,1.0,5.4375,5.4375,5.34,5.34,2600.0
1995-04-06,7.0,7.0,7.0,7.0,0.0,0.0,1.0,5.25,5.25,5.25,5.25,0.0
1995-04-05,7.0,7.0,7.0,7.0,0.0,0.0,1.0,5.25,5.25,5.25,5.25,0.0
1995-04-04,7.5,7.5,7.0,7.0,1050.0,0.0,1.0,5.625,5.625,5.25,5.25,1400.0
1995-04-03,6.75,6.75,6.75,6.75,0.0,0.0,1.0,5.0625,5.0625,5.0625,5.0625,0.0
1995-03-31,6.75,6.75,6.75,6.75,975.0,0.0,1.0,5.0625,5.0625,5.0625,5.0625,1300.0
1995-03-30,7.06,7.25,6.87,7.25,7875.0,0.0,1.0,5.295,5.4375,5.1525,5.4375,10500.0
1995-03-29,6.75,6.75,6.75,6.75,0.0,0.0,1.0,5.0625,5.0625,5.0625,5.0625,0.0
1995-03-28,7.25,7.25,6.75,6.75,8175.0,0.0,1.0,5.4375,5.4375,5.0625,5.0625,10900.0
1995-03-27,7.0,7.0,7.0,7.0,0.0,0.0,1.0,5.25,5.25,5.25,5.25,0.0
1995-03-24,6.75,7.0,6.75,7.0,3975.0,0.0,1.0,5.0625,5.25,5.0625,5.25,5300.0
1995-03-23,7.37,7.37,7.37,7.37,0.0,0.0,1.0,5.5275,5.5275,5.5275,5.5275,0.0
1995-03-22,7.37,7.37,7.37,7.37,300.0,0.0,1.0,5.5275,5.5275,5.5275,5.5275,400.0
1995-03-21,7.5,7.5,7.5,7.5,0.0,0.0,1.0,5.625,5.625,5.625,5.625,0.0
1995-03-20,7.5,7.5,7.5,7.5,375.0,0.0,1.0,5.625,5.625,5.625,5.625,500.0
1995-03-17,6.75,7.5,6.75,7.5,7800.0,0.0,1.0,5.0625,5.625,5.0625,5.625,10400.0
1995-03-16,7.5,7.5,7.5,7.5,0.0,0.0,1.0,5.625,5.625,5.625,5.625,0.0
1995-03-15,7.5,7.5,7.5,7.5,0.0,0.0,1.0,5.625,5.625,5.625,5.625,0.0
1995-03-14,7.5,7.5,7.5,7.5,75.0,0.0,1.0,5.625,5.625,5.625,5.625,100.0
1995-03-13,7.0,7.0,7.0,7.0,0.0,0.0,1.0,5.25,5.25,5.25,5.25,0.0
1995-03-10,7.0,7.0,7.0,7.0,0.0,0.0,1.0,5.25,5.25,5.25,5.25,0.0
1995-03-09,7.0,7.0,7.0,7.0,0.0,0.0,1.0,5.25,5.25,5.25,5.25,0.0
1995-03-08,7.0,7.0,7.0,7.0,0.0,0.0,1.0,5.25,5.25,5.25,5.25,0.0
1995-03-07,7.0,7.0,7.0,7.0,0.0,0.0,1.0,5.25,5.25,5.25,5.25,0.0
1995-03-06,7.0,7.0,7.0,7.0,0.0,0.0,1.0,5.25,5.25,5.25,5.25,0.0
1995-03-03,7.0,7.0,7.0,7.0,0.0,0.0,1.0,5.25,5.25,5.25,5.25,0.0
1995-03-02,7.0,7.0,7.0,7.0,0.0,0.0,1.0,5.25,5.25,5.25,5.25,0.0
1995-03-01,7.0,7.0,7.0,7.0,0.0,0.0,1.0,5.25,5.25,5.25,5.25,0.0
1995-02-28,7.0,7.0,7.0,7.0,0.0,0.0,1.0,5.25,5.25,5.25,5.25,0.0
1995-02-27,6.75,7.0,6.75,7.0,3375.0,0.0,1.0,5.0625,5.25,5.0625,5.25,4500.0
1995-02-24,6.75,6.75,6.75,6.75,975.0,0.0,1.0,5.0625,5.0625,5.0625,5.0625,1300.0
1995-02-23,7.12,7.12,6.75,7.12,2700.0,0.0,1.0,5.34,5.34,5.0625,5.34,3600.0
1995-02-22,6.75,6.75,6.75,6.75,975.0,0.0,1.0,5.0625,5.0625,5.0625,5.0625,1300.0
1995-02-21,6.87,7.0,6.87,7.0,2850.0,0.0,1.0,5.1525,5.25,5.1525,5.25,3800.0
1995-02-17,6.75,6.75,6.75,6.75,4950.0,0.0,1.0,5.0625,5.0625,5.0625,5.0625,6600.0
1995-02-16,7.5,7.5,7.5,7.5,0.0,0.0,1.0,5.625,5.625,5.625,5.625,0.0
1995-02-15,7.5,7.5,7.5,7.5,0.0,0.0,1.0,5.625,5.625,5.625,5.625,0.0
1995-02-14,7.5,7.5,7.5,7.5,0.0,0.0,1.0,5.625,5.625,5.625,5.625,0.0
1995-02-13,7.5,7.5,7.5,7.5,75.0,0.0,1.0,5.625,5.625,5.625,5.625,100.0
1995-02-10,6.75,6.75,6.75,6.75,0.0,0.0,1.0,5.0625,5.0625,5.0625,5.0625,0.0
1995-02-09,6.75,6.75,6.75,6.75,0.0,0.0,1.0,5.0625,5.0625,5.0625,5.0625,0.0
1995-02-08,6.75,6.75,6.75,6.75,375.0,0.0,1.0,5.0625,5.0625,5.0625,5.0625,500.0
1995-02-07,6.75,6.75,6.75,6.75,0.0,0.0,1.0,5.0625,5.0625,5.0625,5.0625,0.0
1995-02-06,6.75,6.75,6.75,6.75,0.0,0.0,1.0,5.0625,5.0625,5.0625,5.0625,0.0
1995-02-03,6.75,6.75,6.75,6.75,0.0,0.0,1.0,5.0625,5.0625,5.0625,5.0625,0.0
1995-02-02,6.75,6.75,6.75,6.75,0.0,0.0,1.0,5.0625,5.0625,5.0625,5.0625,0.0
1995-02-01,6.75,6.75,6.75,6.75,0.0,0.0,1.0,5.0625,5.0625,5.0625,5.0625,0.0
1995-01-31,6.75,6.75,6.75,6.75,0.0,0.0,1.0,5.0625,5.0625,5.0625,5.0625,0.0
1995-01-30,6.75,6.75,6.75,6.75,0.0,0.0,1.0,5.0625,5.0625,5.0625,5.0625,0.0
1995-01-27,6.75,6.75,6.75,6.75,975.0,0.0,1.0,5.0625,5.0625,5.0625,5.0625,1300.0
1995-01-26,6.75,6.75,6.75,6.75,0.0,0.0,1.0,5.0625,5.0625,5.0625,5.0625,0.0
1995-01-25,6.75,6.75,6.75,6.75,0.0,0.0,1.0,5.0625,5.0625,5.0625,5.0625,0.0
1995-01-24,6.75,6.75,6.75,6.75,0.0,0.0,1.0,5.0625,5.0625,5.0625,5.0625,0.0
1995-01-23,6.75,6.75,6.75,6.75,0.0,0.0,1.0,5.0625,5.0625,5.0625,5.0625,0.0
1995-01-20,6.75,6.75,6.75,6.75,975.0,0.0,1.0,5.0625,5.0625,5.0625,5.0625,1300.0
1995-01-19,6.75,6.75,6.75,6.75,0.0,0.0,1.0,5.0625,5.0625,5.0625,5.0625,0.0
1995-01-18,6.75,6.75,6.75,6.75,0.0,0.0,1.0,5.0625,5.0625,5.0625,5.0625,0.0
1995-01-17,6.75,6.75,6.75,6.75,0.0,0.0,1.0,5.0625,5.0625,5.0625,5.0625,0.0
1995-01-16,6.75,6.75,6.75,6.75,0.0,0.0,1.0,5.0625,5.0625,5.0625,5.0625,0.0
1995-01-13,6.75,6.75,6.75,6.75,0.0,0.0,1.0,5.0625,5.0625,5.0625,5.0625,0.0
1995-01-12,7.5,7.5,6.75,6.75,975.0,0.0,1.0,5.625,5.625,5.0625,5.0625,1300.0
1995-01-11,7.12,7.12,7.12,7.12,0.0,0.0,1.0,5.34,5.34,5.34,5.34,0.0
1995-01-10,7.12,7.12,7.12,7.12,2175.0,0.0,1.0,5.34,5.34,5.34,5.34,2900.0
1995-01-09,6.75,6.75,6.75,6.75,0.0,0.0,1.0,5.0625,5.0625,5.0625,5.0625,0.0
1995-01-06,6.75,6.75,6.75,6.75,0.0,0.0,1.0,5.0625,5.0625,5.0625,5.0625,0.0
1995-01-05,6.75,6.75,6.75,6.75,0.0,0.0,1.0,5.0625,5.0625,5.0625,5.0625,0.0
1995-01-04,6.75,6.75,6.75,6.75,0.0,0.0,1.0,5.0625,5.0625,5.0625,5.0625,0.0
1995-01-03,6.75,6.75,6.75,6.75,0.0,0.0,1.0,5.0625,5.0625,5.0625,5.0625,0.0
1994-12-30,6.75,6.75,6.75,6.75,0.0,0.0,1.0,5.0625,5.0625,5.0625,5.0625,0.0
1994-12-29,6.75,6.75,6.75,6.75,0.0,0.0,1.0,5.0625,5.0625,5.0625,5.0625,0.0
1994-12-28,6.75,6.75,6.75,6.75,975.0,0.0,1.0,5.0625,5.0625,5.0625,5.0625,1300.0
1994-12-27,7.12,7.12,7.12,7.12,0.0,0.0,1.0,5.34,5.34,5.34,5.34,0.0
1994-12-23,7.12,7.12,7.12,7.12,0.0,0.0,1.0,5.34,5.34,5.34,5.34,0.0
1994-12-22,7.12,7.12,7.12,7.12,300.0,0.0,1.0,5.34,5.34,5.34,5.34,400.0
1994-12-21,7.0,7.0,7.0,7.0,0.0,0.0,1.0,5.25,5.25,5.25,5.25,0.0
1994-12-20,7.0,7.0,7.0,7.0,450.0,0.0,1.0,5.25,5.25,5.25,5.25,600.0
1994-12-19,7.0,7.0,7.0,7.0,0.0,0.0,1.0,5.25,5.25,5.25,5.25,0.0
1994-12-16,7.0,7.0,7.0,7.0,0.0,0.0,1.0,5.25,5.25,5.25,5.25,0.0
1994-12-15,7.0,7.0,7.0,7.0,0.0,0.0,1.0,5.25,5.25,5.25,5.25,0.0
1994-12-14,7.0,7.0,7.0,7.0,0.0,0.0,1.0,5.25,5.25,5.25,5.25,0.0
1994-12-13,7.0,7.0,7.0,7.0,0.0,0.0,1.0,5.25,5.25,5.25,5.25,0.0
1994-12-12,7.0,7.0,7.0,7.0,0.0,0.0,1.0,5.25,5.25,5.25,5.25,0.0
1994-12-09,7.0,7.0,7.0,7.0,0.0,0.0,1.0,5.25,5.25,5.25,5.25,0.0
1994-12-08,7.0,7.0,7.0,7.0,0.0,0.0,1.0,5.25,5.25,5.25,5.25,0.0
1994-12-07,7.0,7.0,7.0,7.0,0.0,0.0,1.0,5.25,5.25,5.25,5.25,0.0
1994-12-06,7.0,7.0,7.0,7.0,0.0,0.0,1.0,5.25,5.25,5.25,5.25,0.0
1994-12-05,7.0,7.0,7.0,7.0,0.0,0.0,1.0,5.25,5.25,5.25,5.25,0.0
1994-12-02,7.0,7.0,7.0,7.0,0.0,0.0,1.0,5.25,5.25,5.25,5.25,0.0
1994-12-01,7.0,7.0,7.0,7.0,0.0,0.0,1.0,5.25,5.25,5.25,5.25,0.0
1994-11-30,7.0,7.0,7.0,7.0,0.0,0.0,1.0,5.25,5.25,5.25,5.25,0.0
1994-11-29,7.0,7.0,7.0,7.0,0.0,0.0,1.0,5.25,5.25,5.25,5.25,0.0
1994-11-28,7.0,7.0,7.0,7.0,0.0,0.0,1.0,5.25,5.25,5.25,5.25,0.0
1994-11-25,7.0,7.0,7.0,7.0,0.0,0.0,1.0,5.25,5.25,5.25,5.25,0.0
1994-11-23,7.0,7.0,7.0,7.0,0.0,0.0,1.0,5.25,5.25,5.25,5.25,0.0
1994-11-22,7.0,7.0,7.0,7.0,0.0,0.0,1.0,5.25,5.25,5.25,5.25,0.0
1994-11-21,7.0,7.0,7.0,7.0,0.0,0.0,1.0,5.25,5.25,5.25,5.25,0.0
1994-11-18,7.0,7.0,7.0,7.0,300.0,0.0,1.0,5.25,5.25,5.25,5.25,400.0
1994-11-17,7.0,7.0,7.0,7.0,1275.0,0.0,1.0,5.25,5.25,5.25,5.25,1700.0
1994-11-16,7.37,7.37,7.37,7.37,0.0,0.0,1.0,5.5275,5.5275,5.5275,5.5275,0.0
1994-11-15,7.37,7.37,7.37,7.37,0.0,0.0,1.0,5.5275,5.5275,5.5275,5.5275,0.0
1994-11-14,7.37,7.37,7.37,7.37,0.0,0.0,1.0,5.5275,5.5275,5.5275,5.5275,0.0
1994-11-11,7.0,7.37,7.0,7.37,3600.0,0.0,1.0,5.25,5.5275,5.25,5.5275,4800.0
1994-11-10,7.0,7.25,7.0,7.25,3000.0,0.0,1.0,5.25,5.4375,5.25,5.4375,4000.0
1994-11-09,7.25,7.25,7.25,7.25,0.0,0.0,1.0,5.4375,5.4375,5.4375,5.4375,0.0
1994-11-08,7.25,7.25,7.25,7.25,0.0,0.0,1.0,5.4375,5.4375,5.4375,5.4375,0.0
1994-11-07,7.25,7.25,7.25,7.25,975.0,0.0,1.0,5.4375,5.4375,5.4375,5.4375,1300.0
1994-11-04,6.75,6.75,6.75,6.75,975.0,0.0,1.0,5.0625,5.0625,5.0625,5.0625,1300.0
1994-11-03,7.25,7.25,7.25,7.25,0.0,0.0,1.0,5.4375,5.4375,5.4375,5.4375,0.0
1994-11-02,7.25,7.25,7.25,7.25,0.0,0.0,1.0,5.4375,5.4375,5.4375,5.4375,0.0
1994-11-01,7.25,7.25,7.25,7.25,0.0,0.0,1.0,5.4375,5.4375,5.4375,5.4375,0.0
1994-10-31,6.75,7.25,6.75,7.25,1950.0,0.0,1.0,5.0625,5.4375,5.0625,5.4375,2600.0
1994-10-28,6.75,6.75,6.75,6.75,975.0,0.0,1.0,5.0625,5.0625,5.0625,5.0625,1300.0
1994-10-27,7.25,7.25,7.25,7.25,0.0,0.0,1.0,5.4375,5.4375,5.4375,5.4375,0.0
1994-10-26,7.25,7.25,7.25,7.25,0.0,0.0,1.0,5.4375,5.4375,5.4375,5.4375,0.0
1994-10-25,7.25,7.25,7.25,7.25,0.0,0.0,1.0,5.4375,5.4375,5.4375,5.4375,0.0
1994-10-24,6.75,7.25,6.75,7.25,3975.0,0.0,1.0,5.0625,5.4375,5.0625,5.4375,5300.0
1994-10-21,7.12,7.12,7.12,7.12,0.0,0.0,1.0,5.34,5.34,5.34,5.34,0.0
1994-10-20,7.12,7.12,7.12,7.12,0.0,0.0,1.0,5.34,5.34,5.34,5.34,0.0
1994-10-19,6.75,7.12,6.75,7.12,14400.0,0.0,1.0,5.0625,5.34,5.0625,5.34,19200.0
1994-10-18,6.75,6.75,6.75,6.75,2775.0,0.0,1.0,5.0625,5.0625,5.0625,5.0625,3700.0
1994-10-17,7.25,7.25,7.25,7.25,600.0,0.0,1.0,5.4375,5.4375,5.4375,5.4375,800.0
1994-10-14,7.12,7.12,7.12,7.12,0.0,0.0,1.0,5.34,5.34,5.34,5.34,0.0
1994-10-13,7.12,7.12,7.12,7.12,3000.0,0.0,1.0,5.34,5.34,5.34,5.34,4000.0
1994-10-12,6.75,6.75,6.75,6.75,450.0,0.0,1.0,5.0625,5.0625,5.0625,5.0625,600.0
1994-10-11,6.75,6.75,6.75,6.75,0.0,0.0,1.0,5.0625,5.0625,5.0625,5.0625,0.0
1994-10-10,6.75,6.75,6.75,6.75,75.0,0.0,1.0,5.0625,5.0625,5.0625,5.0625,100.0
1994-10-07,7.0,7.0,7.0,7.0,0.0,0.0,1.0,5.25,5.25,5.25,5.25,0.0
1994-10-06,7.0,7.0,7.0,7.0,0.0,0.0,1.0,5.25,5.25,5.25,5.25,0.0
1994-10-05,7.0,7.0,7.0,7.0,0.0,0.0,1.0,5.25,5.25,5.25,5.25,0.0
1994-10-04,7.0,7.0,7.0,7.0,0.0,0.0,1.0,5.25,5.25,5.25,5.25,0.0
1994-10-03,7.0,7.0,7.0,7.0,0.0,0.0,1.0,5.25,5.25,5.25,5.25,0.0
1994-09-30,7.25,7.25,7.0,7.0,375.0,0.0,1.0,5.4375,5.4375,5.25,5.25,500.0
1994-09-29,6.75,6.75,6.75,6.75,0.0,0.0,1.0,5.0625,5.0625,5.0625,5.0625,0.0
1994-09-28,6.75,6.75,6.75,6.75,1950.0,0.0,1.0,5.0625,5.0625,5.0625,5.0625,2600.0
1994-09-27,7.02,7.02,7.02,7.02,0.0,0.0,1.0,5.265,5.265,5.265,5.265,0.0
1994-09-26,7.02,7.02,7.02,7.02,0.0,0.0,1.0,5.265,5.265,5.265,5.265,0.0
1994-09-23,7.02,7.02,7.02,7.02,0.0,0.0,1.0,5.265,5.265,5.265,5.265,0.0
1994-09-22,7.02,7.02,7.02,7.02,0.0,0.0,1.0,5.265,5.265,5.265,5.265,0.0
1994-09-21,7.02,7.02,7.02,7.02,0.0,0.0,1.0,5.265,5.265,5.265,5.265,0.0
1994-09-20,7.02,7.02,7.02,7.02,0.0,0.0,1.0,5.265,5.265,5.265,5.265,0.0
1994-09-19,7.02,7.02,7.02,7.02,1650.0,0.0,1.0,5.265,5.265,5.265,5.265,2200.0
1994-09-16,7.25,7.25,7.25,7.25,75.0,0.0,1.0,5.4375,5.4375,5.4375,5.4375,100.0
1994-09-15,6.75,6.75,6.75,6.75,150.0,0.0,1.0,5.0625,5.0625,5.0625,5.0625,200.0
1994-09-14,6.75,6.75,6.75,6.75,0.0,0.0,1.0,5.0625,5.0625,5.0625,5.0625,0.0
1994-09-13,6.75,6.75,6.75,6.75,0.0,0.0,1.0,5.0625,5.0625,5.0625,5.0625,0.0
1994-09-12,6.75,6.75,6.75,6.75,0.0,0.0,1.0,5.0625,5.0625,5.0625,5.0625,0.0
1994-09-09,6.75,6.75,6.75,6.75,0.0,0.0,1.0,5.0625,5.0625,5.0625,5.0625,0.0
1994-09-08,6.75,6.75,6.75,6.75,600.0,0.0,1.0,5.0625,5.0625,5.0625,5.0625,800.0
1994-09-07,7.25,7.25,7.25,7.25,0.0,0.0,1.0,5.4375,5.4375,5.4375,5.4375,0.0
1994-09-06,7.25,7.25,7.25,7.25,0.0,0.0,1.0,5.4375,5.4375,5.4375,5.4375,0.0
1994-09-02,7.25,7.25,7.25,7.25,450.0,0.0,1.0,5.4375,5.4375,5.4375,5.4375,600.0
1994-09-01,7.0,7.0,7.0,7.0,0.0,0.0,1.0,5.25,5.25,5.25,5.25,0.0
1994-08-31,7.0,7.0,7.0,7.0,0.0,0.0,1.0,5.25,5.25,5.25,5.25,0.0
1994-08-30,7.0,7.0,7.0,7.0,0.0,0.0,1.0,5.25,5.25,5.25,5.25,0.0
1994-08-29,7.0,7.0,7.0,7.0,0.0,0.0,1.0,5.25,5.25,5.25,5.25,0.0
1994-08-26,7.0,7.0,7.0,7.0,0.0,0.0,1.0,5.25,5.25,5.25,5.25,0.0
1994-08-25,7.0,7.0,7.0,7.0,0.0,0.0,1.0,5.25,5.25,5.25,5.25,0.0
1994-08-24,7.0,7.0,7.0,7.0,0.0,0.0,1.0,5.25,5.25,5.25,5.25,0.0
1994-08-23,7.0,7.0,7.0,7.0,0.0,0.0,1.0,5.25,5.25,5.25,5.25,0.0
1994-08-22,7.0,7.0,7.0,7.0,0.0,0.0,1.0,5.25,5.25,5.25,5.25,0.0
1994-08-19,7.0,7.0,7.0,7.0,0.0,0.0,1.0,5.25,5.25,5.25,5.25,0.0
1994-08-18,7.0,7.0,7.0,7.0,0.0,0.0,1.0,5.25,5.25,5.25,5.25,0.0
